3
4
5
6
7
8
9
10
11
12
13
14
15
16
17
18
19
20
21
22
23
24
25
26
27
28
29
30
31
32
33
34
35
36
37
38
39
40
41
42
43
44
45
46
47
48
49
50
51
52
53
535689275
948074914
87260771
95115054
318143029
806360313
536211852
32179235
759652549
76914893
623303682
859891983
594874429
7102844
756241743
888706717
731694132
413565010
37806415
828684429
131862273
365358904
847341938
748783501
667653028
968161804
881829358
474791089
269674763
427240382
26669255
805363978
227831528
113929966
900478973
398490730
920290219
289207057
283186137
532459000
218638122
906489759
392350984
813512491
766108776
1108959
554735441
350319140
414673909
445058028
31519801
546536123
810416872
878861680
295319624
330586133
847023484
29665215
657893394
969214419
456905537
684562589
627094630
537253237
798492495
380089835
935743907
571298947
669296832
218930044
103757947
887934894
977935976
348625103
553963618
744044752
349734003
961215231
94363892
764407852
406273259
125883634
163460207
69206363
857261486
458779772
252308668
556801202
488444927
910202002
526015621
797866636
594764591
5626483
335119873
245773319
385716258
123380013
669588438
55013090
342309997
625862557
795464157
172762205
974487601
201944007
916806897
176737836
15675470
863686962
793661860
421948669
842086768
957122008
343671204
551864486
268418012
595979813
108665688
756862879
506181815
487197481
407245747
953462579
492823905
742365560
51752130
878540103
865745513
721340508
786069366
60571743
347203065
434049755
233333888
174206898
635993702
2657018
203460906
651669112
718860152
997122707
926133953
413463152
954244715
269805157
965327578
75178959
865784910
1000000000
