8
7
3
1
499999999999999993
3015021401
3518939877
10254355411
1000000000000000000
666666666666666667
666666666666666667
333333333333333333
333333333333333333
1000000000000000000
82540913654573
95455419561
15735326165013
1607135751136
26384829188507
3890787390561
9419564519345
6028838445787
10859362994400069
4542795164346928
581545994275
1801536188916898
50072350569
2851239703052
507379988435
306978121624
3211822230098908
100921655180384
446232199217
331608148512
149983425674345
31630577894544
428061205597
2627227060545
33085040130
277867310381603185
871789930444
71088450821
46245981983632
32206344851522
18663732860961
592574444841
829422368492
29796604876
27569074683272
760864383753096
24597471740307
330205687540
551566444628
886465350377
220886509239707
8472119987580
99207499632181
1604054564748
77307389601
128392667504
3385924033102377
99613410097
284938781662934
149648269105
257599873431
393747507981588
291254698820
291220571811468
3342328358447
297480508792
128464963618741
447933244282
39778140549514
1287705691153
9943615704244476
5940145030267
15532936466198
590809665635
2542110551873
428332119578
513005908287
59219861200
47142659532448
901811301483
466673623134
2621894622726
4144367724687
9924554590987
137417470555
3905765047163
194753303068
34659089917704
6238988787451
148499326716389
31483889235798
308988296249
49355514362619
5594932430148
85947257630
20245847201299
19949543623930
76462613622069
1024927489423987
1153324523848
20876484848
6203685442394
7304375354806
864040144074745
12636431802176486
2063184365410
62179575475516
220262219870
8369324824
20841286952243
430344821904
43599025438
1288333469967
12301191225439
239873693326247
1242033417744
103119380268
15517746159295
15664586465
7957743388082
1906531442756
16243573640790
124687636870
1689696179559
2815620850143
26402670463501
140188251089492
517305401476
284305274930
247478323306
88440869147
1595368906239
621242951430552
1604539677816
6946465965745626
927217670614
30949111213496
596425884486
60566553339
3295060217708
11578354825
5435010637469
22278811364
3424342040119
1985076474263
5987154374384206
122826791784
777104171705
10616569872967
742680068153
568266136559815
85208077857
106550220231
1186268183
8320998262972
90996717669142
68553612306
8273837576295642
927163390061
222374186067
497851974574
4726346523040
9893514060305
517543032506298
234324248799
69493045589376
27498170521400
353484302643
30470639857655
343127385405
3472784453457
8233747518638
967456446175
3792036164146
247245033202
159625457642
8890818595939
54309659961261
117167695451
1766957375473
95540839856
167546223642873
2554980904795
193748262595835
12090218359795
306880717050
148200642963
4478279016973
222903310001
831923886333453
3507817423925
5007280051745
448108866440763
579676213179
639961914359
3139349356549
96956802375
89732331497
81534026243
1552449019847
573478957403
985866189504
58040417729130
5864465887300
14471946754976
100442250125
3581159224273
37702256595192127
1698226709369
395863986858
207853324371
81807421858195
1027447819429
408964610085986
482014888709
1660992781146
660120690
7855020961443
296620219397986
28077997348121
120262084649614
42041825502283
138354713549
7985524681259
31876333958
62173623795
67581415362244
16741261776033
137241067105
989684634553
967288461035
596224027882
27897254335034
1223719811754491
1529632108436
358969235188436
2697964751194
124340149728
310720373236119
1804560390418
33092600308089
5989052192107
16352509649951
3752238132023
1418788553939
62530371325
513858797876
3886953546089
51339851357340
226171627874
88437098901569
1301411382615527
273917583388
1244602980651
54116634164
681490160087732
740731490893805
17499956300999
2570145551884
18086981557930
56324733502131756
9043801544969
48804734195
1359161147139
67765083842944
3765100902636
304432114853
9144875703979
5762668010225
491016580853
3212892072275
44193368555069
39635120236
141736850050
424157647866
115907597174
18453811581
142089320205756
6329668628868
1850144610686296
1894609477722
1079716739382
2717469941214
1965791984078
5707153610115
48963563884785
140720498584743
52941639261721
1529250596448
85460781914
7758162926566
804669730350
368532765734642
550591689956
536622414885
9496287756680931
8649858892398
557290616020
873811218866
73664763273518
304561797891
1895022285621
2152547185310
6359781591841
1403617796521
1028749408981
1612799104804
64020350624
270637009515
262319888602400044
47376215615739
733244640412
101733167555
421556608524
1105239767398
140535463689
1946725093545
30183477603
6628924724141
2587150775026
425924068189
15423213067227
118104543804208
1013612440235
8104335612284
312860713919425
11083262292680
4674094761
23904510449782
1728669799406
203302794664
24635081036
19607798451
254587110869
81708914713083
15574513908362
28691917028961
411675706056
7457805943891
41186948524562
1811249631955
46191487803
1134513450525
2124126617299419
1119613750243
205493182724
1365184712457
1862061486683
119134393464
1412441513435
36243192873696637
389422295946095
770659980837
3165384172470
16015959852023
2457932594
95311324855596
1370147282324670
3349029989063
4665450393144
25826111262609
36938515819749
466585292223
842483912368611
2976892772037896
29442518974
139484369494319
1843863631789
46414899844
3592794997834
4730869435044
1258610375091
135731884292
7252824345078
215219660667
3901836193558
198015199405271
4724283302140
81331367044448
360343954612901
188185751534770
2543213206132
386615321946
13203209865005719
1022916498593
2031142962418
52739632761318
129184345629419
6892922036
359202053271746
141572164653208
44611703171
14629462879
126856775924
27101174860855
122637120207100
19324937882254
10809204149741785
38840714171
106853389013812
1886808566787
782387140928823
35514631854482
4784131569472
17248713915866
132834195171
862968460633
12386397102335
3761314377087
8499116388974
3134783579329
5878344669597
45665132994
3494637664475
1699131790525
76978141200687
103072719000
120196501022092
168055754602
211241932318584
149054108007116
358415236050676
2223816645651
8421250631337
55714189834
5942390370543
104621003727
297134246920
1118854486366
43569669991
9910649850334
48223001660707
3839613270779
40300314233
407866900599
140774951585
59475637204908
1205751286623
15307638033255069
3006290834756
58552494450
2107137745
3252243324858
115855695100
25304962355094
326735489319
81325044980
302387339750
54781499056714504
2570314110291702
78242021834
193298596275739983
43508919306
369874279639
30688367716569
52564483466
1444787879086
7288230389415
23423908192565
2275263974239764
1566794803250
20650038486397
991188372822
446408354447481
408842427765432957
110811441055
2005379050264
2107819536767
302361025556
2217463567839
96434097522
86527094615
1426248218830
479314383244
1687149863500
1385437279394
5828661851976
2788166963855
156141342964
341898851464
150822864976129
21879723773
14900774493068
56337027572
961572747009
163598033990478
3329488836169
10883726296
25679309048975
6512996258838
35075653319484
2917338023152
613758766611709
104549397622471
138474621108
6179826555684
1866927962095
9893827935161
183538797574
1782160309965
508626204982
225808078744735
6001788726839
478679329450
298902421881878
178397425286357
6353070624542
4108048604194
493834046432
1016902907952
172353264412893
78983998792242813
148653987174
228898704918
1515207513780
1015741029816
3203258556824
24179554560694
77532165790
238705870228157
1416717942459
849658846664
380886157194
115968343019
12028803987653
1023215183044924
3148467071269
144212605199
29399315140
3770130200272
40970933963
1131790195957699
84028438772
3909690534409
396923760578
12413389602598
94668513115
267706556880
2641920412
2772705035790
61382316367
130243345580
67894725488
103492546774
2587385091815
332737180229
593445832917
10926255592
290126359326
768242938679
16825093046521
164000296169
98447522502331
1455244136997
998210387861
184067453401
27828012494849
82060144192
6823798546509
228938997018
14326102246505
622129256158
51902698022
407679406031
126317109809
239247188531
6535801479936
1290329379603
4094318383987
44680698718
1260255765741
35880295468154
28818972116013
22116144938
33383006154921
74298641783
21208385336
12679228249627128
233864263257
419075347073
4057897580531
456062625367
243175569000435
214680505713
1249366609
3198791654253973
374984403541
20144747269
315825613966
448255044975
996980438844
211762410059
24984268944
4582734757038
9895330050831
13981046627044
2740071417428135
6598396704064
7074223596106
20616333129
145682007858
4329924793509
19697110122938
1366498730430
31681312319881
923785817032
7265483836745
222598675238
5309024048546
7618089846989
13972820019413
1961251855534
123063688834021
2598464531835
312977573343
110420855980207
845387099612
56253384069926
2341117184378
5272859064816
17053148701309
25636160687812
371016966874
1636340456850
46086771638
55074260514
2272135108331
3548006696340
649279955143005
920577800203
112202087824524
2006043199592
188517810829
4870489598670665
39623444624172
27142343073738
8754501340107
1357419720868
51228702085
40655216922276
86950282170
1263879905751
223965138558
18835293057882
1661178984325
12808274782135
52032939381
310571229514025
4861313757290
18584516663778
55062951176
2143500380400
142432367942
62342229500811
262487551401
8499824539
79978230954433
547158846491
324281001858
1020544968081
9183898167180
1870035491299562
57220628213414
1458599864331
2738272315864
288845511481
2180663888804
766615349853
14248377535045
19410514250670285
1427021067080
2413413205564
49144626543248
7625818126528
32353608348857
410743443031
4838895484502
3478219622272
2697251901705
4363210552597
2122648933657
83844945451
242838064120315
1072495343729
196051450885
1428161539862
847078176524
23412655262682
1412409244294
4924777443508
414007602245
1964676580647
76515524703
143620476422
4747507303462232
9279562283
138620442297299
9686344439
959499360848
528004723283529
529527597158
3752790293136
3923342080359
116522302798836
2298285440800339
2297671371035
11126224228357
567375155219
1192895790821
13327446335598
1556041080104
82918638241602
94772718890
577488073582
51679359894946
216930971610
201497954938
256006475218
195372853197
4162687917200
78505590464
2603517805285
11052115934535230
1267582519275
146663137113
34643496597984
46850494280
13915528596498
52834328203
17040983044511
14100536071624
41450306734957
1052346373429
55527746204765
3635213282330
3607564623
99512200079
839984929829223
74998122629378
143147599952
133919833182
20792365784816
3872656419799
52883786130683818
10734606797681
74017591569700
6776753748855
192031487969
67510062390080
1359379518769
48873834353
83913579003434
1209968477456445
35853958386412
485920829445
218534909438352
20534628755851
1562509656493
35933172218
2436171922522
74292344644942
19165622383989
820930994314
143515716475
2708262177642
130618494034
5814767802966063
13274446302
1400019703477
87848723087
12790718951576
91939523792
82043295817
7445250550584
2327357335580
2184080437143
113181439420135
1449211885740
3937184181291
7470719324010717
323887366670074
112387886296
81083411557
5005195114211
285371615416
117264381328
733632806821
6482152695275
2927382185217
47709578069492
9188897897969
2111641092310
3043708663823695
221961704779
30525893432240
965789563624
2772653161084
141376393454
38118219767
52918338277
297096180057
49909326692500
15370964572030
519707600697
3073528474365
26935165929419
384867401435
3260816951401
1538367404089
857978280983
3136861363121
2241640662724
12593273844923
308426552949
1112159364289
291816965140
83119692896
231577172302541
80283363426
145550084460744
922668260073
4355927229651
1118990984712
1137138022579
4180981338169
177447736270443
1108768457357
44495046052
38615876181
6883786631526
9208217661886
225342773459
69302553284
2707281098993
604532370549
119701144060
28394048861
319539890906877
6610016211623
44218391240
811324046603104
881576363691
208935711143
158586963413
84653985192
214083244105976
1472258455260
42049088549
585902313276132
8235617838097
63389355979
491672750120
458734951679
1291652332954
58262799
16857781903175
445243508490575
738957581307
16742880726414124
1423172986775
133498176383421
12579724500
1939581386850
120101754244215
335814293907593
4219630754889
2625576395742
147137648570
12689220084581
724203909547
33124987762614
225304693869953
3247120025348
5590692636620
189808280722527
389244249470
148428238561
9354000200864
8071695551053
1484375422576
1014311502486
1000639983472
64322364397
378678373620
126133172603
1285458026437
2450057815
1508298246763
992057333581
5362635130148
10686318075132
4302938636750
385631748989
18587050563665
1379587358760
73933305463
4432032976750
16050441931175
6897872731540
1886017819350212
2343491925365
989089460681
26428039047736
33949621221003954
866085195741
112775210438382
3438832115391
162955067506
584674434852
48866756140566
376687321709
3788519888081
14856479418986
687464350082271
142660943087
1049301677449
37962826890355
1465929283914
11983788356977
2079785813419
231855303547
1796062914137248
29228402216
221837246200
1324917477730
442035650814157
207166414251
295341259802
7214411306917
513110729185
9759047047836
357204431932
14994269899589
161963298728
121961587677
504814787941232
11546072936
507731800179
2311993769019
998858501133
122511581615
21662407998942
4286288667335797
408856047251
61311849478
7923436936840
13054219311018738
2311205803972
744412236973798
7760364030996
74731441
1030083822124
442309430087
921053416770
7137737761731
130054732206
2727566902136
4402120629525
273393050491364
10290823704533
65347475449
39956713081025
222902330050
382127154739349
78481789012
7966127457221
5176892142866
418130739362
1251549948098
50486760805194
390696186477
1082357351578
5927636601948
1880887052150
27768058342147
7151934700984
35341622036
1566381978618
41242659036195
1338835978217
2092551132620
1471295778710
295966035589175
675208626494551
314313105607
23195679374814
120982961816058
186260479070
331579840730
9921245138
220928406282
848756493738
134553668399
6353991067287
6562499058611299
21616892367293
