3
4
5
6
7
8
9
10
11
12
13
14
15
16
17
18
19
20
21
22
23
24
25
26
27
28
29
30
31
32
33
34
35
36
37
38
39
40
41
42
43
44
45
46
47
48
49
50
51
52
53
406189421
679204580
946499993
155964450
596983887
784325472
466992511
230224508
843427422
120712373
222344049
583153068
498664595
806175924
203013391
936993115
761139231
543057066
972377058
482899492
462724490
227062756
454541951
560119310
211215563
557264550
36876872
613725047
30486680
119694345
474559546
289192274
651415097
273575771
445156664
100915216
57901243
912149115
183655896
753844838
32861488
405999886
189514138
384042256
64692042
245043701
173551603
825831213
788100707
145928661
161246937
103341429
372991357
615788828
515976912
436723092
25569610
552853724
50448139
56056231
525064241
377523857
197764677
28995570
651099568
495437513
129910727
561516984
260102860
166082795
167878054
145480521
572082621
357392132
529522717
636774603
602435773
703074260
462605817
243052712
701519094
623852694
198910313
74510451
92157755
714887165
363749716
117727305
120257121
266714027
26299708
645321302
644237825
224064325
526833045
295337393
719501778
509259944
856854317
979604579
675342679
24732371
125085100
247425301
234640675
507123989
884199844
689592620
62714481
199321893
932645272
764233515
675690760
131555586
691260139
767848455
698958923
55009855
885575700
819215985
174240054
911875349
317053519
818477819
135939674
843886504
113815213
707957625
353146448
823185702
540078436
28489128
700434246
517679708
128430601
787591093
877319869
865146617
477183714
940034290
64468511
262345218
556784038
592675443
246416976
100560409
360523898
945375840
8086436
1000000000
