8
7
3
1
499999999999999993
3015140920
3514983384
10254355411
1000000000000000000
666666666666666667
666666666666666667
333333333333333333
333333333333333333
1000000000000000000
82540913654601
95455413858
15735326165013
1607135751314
26384829187086
3890787389916
9419564519285
6028838438275
10859362994400061
4542795164346836
581545935644
1801536188916898
50072351023
2851239703159
507379994711
306978076429
3211822230098908
100921655180384
446232198836
331608147444
149983425674345
31630577894544
428061231165
2627227060545
33085040281
277867310381603185
871789929499
71088450310
46245981983632
32206344851522
18663732385071
592574443410
829422368519
29796578362
27569074681759
760864383752578
24597471740307
330205349790
551566420543
886465348383
220886509228085
8472119987939
99207499632210
1604054564772
77307389575
128406135723
3385924033102739
99613410010
284938781662934
149648281251
257599900170
393747507981588
291255803104
291220571811487
3342328358447
297480507611
128464963618741
447933244397
39778140549514
1287705691238
9943615704243696
5940145029630
15532936466198
590809665435
2542110551955
428332035173
513005908280
59123780048
47142659532331
901811323778
466673623133
2621894623427
4144367722335
9924554610391
137417457494
3905765046379
194753303068
34659089917704
6238988787417
148499326716322
31483889236258
308988343242
49355514362619
5594932430148
85947893496
20245847201299
19949543623930
76462613622162
1024927489424168
1153324523848
20876484848
6203685439545
7304375354558
864040144074745
12636431802176591
2063184363535
62179575475516
220262219870
8369324825
20841287224958
430345940125
43598552977
1288333537347
12301191223342
239873693326247
1242033415529
103119380268
15517746153611
15664585707
7957743388958
1906531466032
16243573640790
124687662731
1689696179288
2815620850125
26402670463501
140188251089522
517305398492
284305274639
247478325252
88441288654
1595368903927
621242951430552
1604539676382
6946465965745626
927217670614
30949111213496
596425884486
60566553952
3295060216671
11578325880
5435010637554
22278792563
3424342080901
1985076555440
5987154374384206
122826791784
777104314906
10616569873388
742680063340
568266136559815
85208077354
106550354636
1186383021
8320998259342
90996717691586
68553610978
8273837576295642
927163385991
222374181944
497851975470
4726346523158
9893514060305
517543032506298
234324248799
69493045589376
27498170521400
353484302243
30470639857699
343127351602
3472784427788
8233747484970
967456446175
3792036164146
247244776037
159626328273
8890818605662
54309659961453
117167695451
1766957375356
95539783560
167546223643661
2554980976503
193748262595645
12090218358698
306880717110
148200642948
4478279016973
222903310001
831923886333300
3507817351414
5007280053812
448108866440763
579676223804
639961870026
3139349356527
96956166824
89732331497
81560431444
1552449019875
573478957391
985866189524
58040417721327
5864465887399
14471946754875
100442250128
3581159201682
37702256595192127
1698226710087
395863986914
207853324371
81807421858256
1027447819429
408964610085986
482014888956
1660992780784
660120751
7855020961443
296620219368827
28077997347867
120262084649614
42041825502283
138354790550
7985524681281
31876334017
62173623507
67581415362244
16741261766986
137241069060
989684559070
967288461035
596224050656
27897254335034
1223719811755518
1529632116975
358969235188436
2697964751150
124340149895
310720373236119
1804560390418
33092600309856
5989052192375
16352509649951
3752238132060
1418789348549
62530371360
513859811532
3886953546601
51339851357493
226171628058
88437098901569
1301411382615527
273917582271
1244602980560
54116885404
681490160087732
740731490893805
17499956301028
2570145551884
18086981557930
56324733502131756
9043801544969
48804734674
1359161147158
67765083843111
3765100902636
304432127781
9144875704333
5762668010079
491016580415
3212892072245
44193368554379
39635118400
141736850050
424157647882
115907602524
18453806448
142089320205756
6329668628690
1850144610686296
1894609477416
1079716739576
2717469930324
1965791985830
5707153591769
48963563884785
140720498584743
52941639261721
1529250562748
85460599021
7758162926566
804669730009
368532765734570
550591690141
536622414852
9496287756680931
8649858892244
557290616822
873811217173
73664763273518
304561799652
1895022285621
2152547188810
6359781593520
1403617801973
1028749408981
1612799104993
64020341862
270636915019
262319888602400044
47376215615739
733244640415
101733283799
421556387470
1105239775483
140535463635
1946725107596
30171299231
6628924724183
2587150776479
425924068195
15423213067178
118104543804208
1013612439546
8104335612284
312860713918529
11083262291830
4674108093
23904510449893
1728669798619
203320866893
24638365436
19607798451
254586825764
81708914713083
15574513911010
28691917028961
411675706017
7457805943891
41186948524562
1811249631934
46191485993
1134513488320
2124126617299419
1119613744963
205493119222
1365184712481
1862061486673
119134396475
1412441504398
36243192873696637
389422295946072
770659994908
3165384161366
16015959852023
2456384909
95311324855679
1370147282324670
3349029989063
4665450393160
25826111262609
36938515819739
466585292121
842483912368611
2976892772037896
29442518771
139484369494416
1843870767291
46414899821
3592794997834
4730869435071
1258612825075
135731891686
7252824345329
215219647099
3901836193558
198015199405271
4724283302140
81331367044448
360343954612901
188185751534770
2543213206132
386615321946
13203209865005719
1022916498605
2031142962414
52739632754513
129184345629419
6892920672
359202053271746
141572164653349
44620217437
14629461412
126856748409
27101174860803
122637120208001
19324937882148
10809204149741785
38840124054
106853389013812
1886808568310
782387140928823
35514631854482
4784131569246
17248713914535
132834190855
862968460633
12386397102342
3761314377154
8499116388974
3134783331050
5878344669976
45665133561
3494637663914
1699131790525
76978141200687
103072726202
120196501021500
168055759553
211241932320624
149054108047363
358415236049869
2223816625051
8421250632506
55714212720
5942390370340
104621003652
297134247068
1118854486366
43569675536
9910649850334
48223001661643
3839613271121
40300314240
407866967036
140774951310
59475637204908
1205751286686
15307638033255069
3006290959878
58552496020
2107137737
3252243324201
115855131088
25304962355129
326735489319
81325046137
302387342105
54781499056714504
2570314110291702
78242021330
193298596275739983
43508919317
369875384480
30688367716569
52564482530
1444787878321
7288230389480
23423908192565
2275263974239764
1566794778235
20650038486400
991188373028
446408354447481
408842427765432957
110811441055
2005379051102
2107819533262
302361612858
2217466741948
96434097398
86527094615
1426248219453
479314383772
1687149864034
1385437282950
5828661851813
2788166964924
156134750301
341898851521
150822864976129
21879714218
14900774493068
56337023895
961572746991
163598033990478
3329488836393
10884968459
25679309048975
6512996261142
35075653319523
2917338220113
613758766611709
104549397622471
138474620921
6179826555708
1866927982405
9893827930544
183538798115
1782160269884
508626205716
225808078742469
6001788070908
478679332438
298902421881878
178397425286357
6353070624429
4108048613451
493834047208
1016911390620
172353264412906
78983998792242813
148653950783
228903332575
1515207513793
1015741029816
3203258556879
24179554560623
77532165758
238705870228157
1416717943297
849658841015
380886086409
115972729807
12028803974709
1023215183045023
3148467066244
144213474895
29399315230
3770130200290
40970933897
1131790195957699
84028438917
3909690532514
396923760427
12413389601863
94668513136
267706881363
2642015913
2772705002113
61382596999
130243340273
67894723352
103493104732
2587385091745
332737180229
593445820685
10926257337
290126359326
768242942277
16825093046817
164000821177
98447522502331
1455244136997
998210387538
184067449437
27828012494849
82060144079
6823798546509
228938997511
14326102246505
622129256098
51902776529
407679406046
126317116191
239247187134
6535801480033
1290329658242
4094318384185
44680673744
1260255765741
35880295468338
28818972116059
21925254672
33383006154921
74298641783
21208214345
12679228249627128
233864251050
419074964247
4057897585046
456062627101
243175568997879
214679855982
1215024177
3198791654253973
374984403637
20144673071
315825613966
448255027196
996980439028
211762415694
24984268911
4582734757038
9895330050831
13981046627044
2740071417428135
6598396756781
7074223595919
20616333148
145681998844
4329924793699
19697110123335
1366498730311
31681312319881
923785816960
7265483836791
222598677923
5309024041402
7618089846989
13972820019387
1961251855534
123063688834110
2598464531835
312977574426
110420855980207
845387099612
56253384069926
2341117184399
5272859066589
17053148701426
25636160692132
371016966874
1636340456900
46086787924
55074260566
2272135114396
3548006722482
649279955142893
920577800009
112202087828255
2006043199604
188517810880
4870489598670665
39623444624172
27142343073738
8754501340107
1357419720507
51227626142
40655216922309
86950284952
1263879905751
223965138558
18835293057882
1661178985248
12808274782126
52032990081
310571229512480
4861313766715
18584516719915
55062951994
2143500379367
142432367702
62342229500811
262487554276
8499692624
79978230954433
547158836377
324281002989
1020545089703
9183898167273
1870035491299562
57220628213696
1458599763667
2738272314459
288845518916
2180663888777
766616520620
14248377537731
19410514250670408
1427021061428
2413413199536
49144626542998
7625818193881
32353608349095
410743441832
4838895484502
3478219622245
2697251902132
4363210552597
2122648931659
83844947966
242838064120315
1072495343502
196051450880
1428161539632
847078169259
23412655262682
1412409244495
4924777445421
414007721242
1964676580653
76515692688
143620481562
4747507303462232
9279562590
138620442297299
9686344536
959499360857
528004723283529
529527582053
3752790293483
3923342078664
116522302798836
2298285440800444
2297671361226
11126224227023
567375155229
1192895790821
13327446336444
1556041030125
82918638241602
94772805692
577488073822
51679359894946
216939514529
201497954869
256003288214
195372862783
4162687917200
78505590355
2603517799030
11052115934535206
1267582519342
146663137291
34643496598097
46850439782
13915528596498
52834328450
17040983044134
14100536071624
41450306734957
1052346373518
55527746204765
3635208332283
3607551353
99512481931
839984929829223
74998122629378
143147615282
133919782493
20792365784816
3872656419799
52883786130683818
10734606797681
74017591554963
6776753748855
192032197917
67510062390080
1359379502318
48873847433
83913579003434
1209968477456457
35853958384817
485920828634
218534909438352
20534628731860
1562509677915
35939654157
2436171922762
74292344644942
19165622383995
820930993684
143515675866
2708262177642
130618578128
5814767802966063
13274439163
1400019703477
87848724609
12790718950470
91939524421
82667115875
7445250552426
2327357336019
2184080437177
113181439362290
1449211976634
3937184181206
7470719324010717
323887366670074
112387904045
81083411391
5005197682931
285371615329
117264246146
733632806821
6482152695275
2927382185217
47709578069255
9188897897969
2111641085986
3043708663823695
221961704786
30525893434833
965789540943
2772653149389
141376393397
38118223643
52918338352
297096156259
49909326694230
15370964572222
519707600697
3073528474365
26935165929419
384867400001
3260816953506
1538367445073
857978281957
3136861363139
2241640662724
12593273844973
308426553029
1112159361805
291817462012
83119752348
231577172304334
80281678436
145550084447412
922668259084
4355927230104
1118990984386
1137137976265
4180981338585
177447736270851
1108768213155
44495043704
38615877207
6883786631563
9208217661911
225341194675
69302559376
2707281098993
604532369436
119539443143
28394048532
319539890906812
6610016211530
44218391240
811324046603113
881576309331
208935710543
158584756850
84654023513
214083244105976
1472258455260
42049103535
585902313276132
8235617812874
63389348092
491672987290
458734951960
1291652317560
58262797
16857781903225
445243508490575
738957588971
16742880726414124
1423172986720
133498176383421
12579727041
1939581387102
120101754244282
335814293907131
4219630754882
2625576399270
147137648538
12689220084581
724203902605
33124987762614
225304693869969
3247120025243
5590692636620
189808280722558
389244249442
148428238561
9354000200864
8071695616505
1484375423297
1014311504321
1000638663055
64322364397
378678373628
126131851381
1285458013586
2450216470
1508298246148
992057333683
5362635130148
10686318075132
4302938636750
385631750554
18587050563665
1379587360218
73931686608
4432032898190
16050441942362
6897872731521
1886017819350175
2343491925365
989089395425
26428039047736
33949621221003954
866085195739
112775210438382
3438832115397
162955063542
584674434852
48866756140566
376687320907
3788519878210
14856479418785
687464350082271
142660943087
1049301753347
37962826890552
1465929284112
11983788367097
2079785813419
231855085990
1796062914137248
29200263571
221837245789
1324917475828
442035650814157
207166356642
295341259802
7214411306854
513110728705
9759047047891
357203564155
14994269891651
161963266364
121961587677
504814787943627
11545442329
507731975333
2311993769365
998858449583
122511581486
21662408029460
4286288667335797
408856047493
61311849478
7923436936840
13054219311018738
2311205804016
744412236978456
7760364030996
74731441
1030084014642
442309355169
921053416933
7137737762569
130054732600
2727566901956
4402120629194
273393050491364
10290823704091
65349118911
39956713081104
222902331441
382127154739349
78465978814
7966127457221
5176892142845
418130738731
1251549943381
50486760805194
390696186617
1082357351371
5927636602502
1880887052150
27768058342147
7151934691028
35341527166
1566381978618
41242659034354
1338835978217
2092551132713
1471295778363
295966035589175
675208626495565
314313105607
23195679370175
120982961802345
186260479072
331579631162
9921246436
220928403391
848756493738
134553611996
6353991067089
6562499058611299
21616892367293
