5
-1
80265451
10837969
98767213
93428701
50375593
92983839
85211923
13762255
56333273
48722954
96413895
51807826
81615269
138534189
133333213
27716704
67903364
21869578
61584405
109955630
81443045
16353076
98018918
125193239
45522862
117096306
66805527
35481819
67392187
68954775
69366300
90975510
97213338
13137121
26175798
88918972
90268739
80308448
78853561
94482732
69279975
61171221
174304652
169018191
78001422
135270421
52838877
117490730
91269033
70669168
2674746
69856039
32550622
42922651
88560772
100051783
136212274
59476626
19579605
87360894
104105252
122651438
53091896
86855256
42589488
95242736
131462965
91899138
85875010
152676502
90435948
107493634
65860062
64910712
101980690
74958932
92187855
148082168
125642223
66291624
75285153
108723112
80105754
92426419
120808700
22530724
99474858
114316560
125304620
119671616
122387952
87110393
100992790
49294503
124860408
80514401
60967109
29569243
