草爷要的数

Problem Description
今天校队队员们准备放松一下，我们队就准备选一些数字玩，然而每个人喜欢的数字是不同的，刻盘喜欢x（1<=x<=1^9），凯凯喜欢y（1<=y<=1^9），而我则喜欢z（1<=z<=1^9），争论不出结果的情况下，我们决定只要是这三个数中任意一个数的倍数我们都取，为了满足游戏要求，我们还决定只要[a,b]范围内的数（1<=a<=b<=1^18），请问满足要求的数一共有多少呢？

注：最小公倍数函数：
long long gcd(long long a,long long b){
	return b?gcd(b,a%b):a;
}

Input
多组数据（<=1000），请读到文件结尾。
每组数据一行5个整数，x，y，z，a，b，含义及数据范围如题目描述。

Output
对于每组数据输出一个整数，表示满足要求的数的个数，每个结果占一行。

Sample Input
2 3 5 1 10
4 6 9 5 20
4 4 8 10 20

Sample Output
8
7
3



2 3 5 1 10
4 6 9 5 20
4 4 8 10 20
2 4 8 8 8
2 4 8 16 1000000000000000000
999999989 993066779 991217923 1 1000000000000000000
999999991 791044769 761194023 1 1000000000000000000
185185185 259259259 506172839 1 1000000000000000000
1 2 3 1 1000000000000000000
2 2 3 1 1000000000000000000
3 2 3 1 1000000000000000000
3 3 3 1 1000000000000000000
3 3 3 3 1000000000000000000
1 1 1 1 1000000000000000000

