1 1 1
2 3
2 -2 1
1 1
1 -1
81 6983 -3977
-1505 6346
5692 -4312
-4039 -5351
-4251 5157
-8445 -1830
1428 -9443
7552 3714
-9351 4696
2809 486
8720 -3116
-9115 7111
2702 -1061
644 2954
4762 -8478
-4144 5465
-2455 4351
5532 -6764
-9962 -4787
-2115 -492
-9631 3162
-8601 1798
7440 8951
-768 -8191
7368 -4239
2295 6087
2645 3180
3197 -4654
-4161 -2439
-7980 -5678
-916 -2124
-6493 -9651
-4052 9039
-6414 -293
-5748 5192
-7064 -1658
2074 -5665
-9861 3235
-2994 3092
5044 -5627
8854 -2661
-5820 1498
-5761 -8903
-9435 3800
2380 -7415
-8158 -4816
4183 -4651
-4467 -9870
-1891 2840
3558 6082
-1968 6494
-5577 -6174
-9172 -1716
7061 -2165
-8625 5826
5929 -9772
-3115 -9891
5448 4845
-5073 6013
2365 7307
-7682 4207
-7510 6501
-6723 -1976
-9649 1386
-9137 7631
1188 2616
4124 5611
-9837 8674
-6106 7224
229 -4730
6770 -3843
-781 -6346
-13 -5334
-7780 8636
-5601 4585
5942 -3282
-1208 -7847
-3061 2069
3898 1012
-2825 4761
-1358 8363
1098 -3514
2 1261 -1120
-8412 2205
9109 579
59 -1013 9798
6350 -7306
-5536 8570
-8671 -1137
3155 -9008
9302 -4333
-6855 -38
-8544 7043
-9027 -1369
5524 3336
714 -3379
-6458 -1593
-8398 2423
3716 7529
5252 -5706
-3497 -5762
-5908 -3427
654 2277
-1136 1983
-5140 -7982
2975 -5838
-2315 9841
7845 -859
6883 8818
-8508 6128
5874 5927
-3531 9416
-1946 -1928
5559 -8230
-4400 811
-215 5824
8770 7598
-3883 -577
3595 4981
-8594 8456
6999 8102
-3662 -1596
7943 -5818
-8735 8546
-3280 -3522
8394 -3686
-3875 -5137
-4271 4180
6656 -4991
9671 -4024
5820 -545
-4480 4589
774 1637
-5988 -5632
-3382 -861
-7177 -2663
961 -839
9463 2624
7064 -9273
4891 -6217
927 3284
97 7052
8147 9548
1231 8523
-5444 4622
72 -5904 -5923
18 -7595
8572 -8345
-3583 -7061
1994 9277
-4237 9331
238 8645
8793 -3418
5709 -6759
-8528 -6788
4168 4757
7031 4940
6624 6578
-108 5147
-5146 -5487
-6635 -1050
2311 7105
5076 882
-7520 -4786
3822 4474
-5510 -6695
7525 8449
-4330 6318
-4969 -4901
-6721 -3497
-1688 -8833
-5020 -4658
6107 -4675
-4360 -281
-9529 494
4233 -2443
-6836 -3457
-5339 8240
-8854 862
-6547 4968
-4665 1665
-8007 -7140
3834 -2337
-7102 8865
2763 -102
-911 -5205
1065 4069
3858 892
9394 9498
-9389 -6415
3712 8565
4864 -9404
-1172 -6755
-7444 -26
4108 -269
-1338 9443
-4884 655
-3977 8950
-7961 2642
7815 4802
-7461 624
-6683 3604
-1587 7175
-5504 1528
6672 -1172
8834 4104
-2608 3697
8421 6220
6943 -9024
-85 4771
707 8577
7934 5823
2953 -6043
8494 4992
6599 -9972
3514 -7141
652 6831
6463 9065
98 -5321 592
4397 7228
-574 2221
-5381 -3157
641 -5440
-2494 1617
4475 -7724
-3955 3051
-6069 -4412
-3997 -2112
-5919 -5285
-1793 -5891
8229 1066
8482 5059
1250 7547
2784 9650
1859 901
6878 -4995
-6879 -4783
5570 3762
-223 -6925
-4621 -2028
-927 5145
-5256 3004
-5547 4468
-5388 -1465
9184 6540
6365 7412
1327 4847
6192 -3703
6114 2696
-4054 1693
-6403 -3456
-9581 -3282
1762 5989
-9520 -4741
-7216 -420
3232 1857
-1555 7976
-1419 2898
2443 6914
-4847 5347
3454 -4761
2759 -1499
-6194 2671
4798 9920
-4634 -9257
5333 -1037
1009 5752
9403 -3509
1740 9883
1750 4525
3183 -1298
102 -8373
398 -7596
8246 -3438
-6962 -6601
-8092 -9788
-1362 8388
-1287 2444
4779 -6490
6084 -9855
-2025 1416
2829 -7296
-2832 2231
-805 -7372
5834 -9056
7153 2737
3368 976
4364 -6235
3380 2610
327 -9862
9730 5957
-9649 -1633
4344 -936
-5469 -877
6296 -9386
2989 -5730
5751 -462
-3026 -3361
-4510 6169
-732 -8677
-9167 141
4061 4201
-8884 2145
-8313 8217
-5246 2014
8356 -1796
1691 8707
6571 -244
1491 -5178
-7401 -2214
-4564 5588
5777 -5092
-1154 -7250
1547 4336
-7361 -9186
5660 -2806
956 3441
20 5793 -4415
-3198 7731
4061 -7463
6086 -7736
4228 8513
-7444 -6017
3 -2622
303 7790
6536 -4110
3566 -4836
8458 -9963
6711 2793
-3603 7526
2173 3591
2202 -4387
8707 1715
4920 -771
-555 -1020
1766 -4470
4965 -4006
-2237 -8759
49 7767 2341
-5999 9277
2597 3612
2842 7761
2069 6600
4471 -1417
-7003 5717
-9245 -9692
1639 90
-7265 -6646
-4991 1965
2799 7710
-6270 -7950
6395 3445
-187 7637
-2857 -2421
-23 1144
-3145 -7427
-1524 -6582
-5946 -9455
-9983 8525
2849 -3265
7963 3604
765 -399
-6307 3500
2955 2423
-815 -4246
3853 2916
-2196 248
81 -8663
1605 7224
-1083 -4698
2088 9493
1596 -5715
-3369 5650
-5170 370
4174 -8601
7105 5857
5003 1590
-4542 -7583
-1189 -7867
8561 7996
1608 2414
4632 9412
-7339 -5287
-5530 7987
-4343 3387
-6712 -8534
6600 4884
-4249 -6769
2 4302 3601
-1573 5701
4426 -5716
90 -3984 3463
6841 4827
5596 5402
6543 -2796
1536 4896
336 7918
9609 4806
5904 -1014
1913 9192
452 -1487
4075 6203
5465 -1672
4225 -935
-9525 -75
-2789 -1520
-5651 3227
-8058 -5090
1774 -8741
-5968 2038
2184 5568
-3067 -7481
3485 262
-8954 -612
9248 2959
-1421 3421
-4808 -3626
3344 -9344
8423 -2431
-279 -7381
7494 6933
1099 -4437
3880 6763
474 -625
-8258 4506
-8588 3926
3795 2066
-9835 -2721
-7673 -8789
6668 -4705
7892 -1033
8716 -6917
9063 5781
-6260 7485
-6651 7182
-9897 -5437
7835 4924
127 5436
1686 -5679
-1469 7149
-7453 3664
1074 6342
-4271 1239
-6379 1777
6172 -5991
7072 4063
2976 9509
-9134 5759
5289 -5394
6965 8638
-4491 7068
-3079 -2936
5712 -9232
-3780 1118
-4911 4751
-1734 -2363
-1586 -6940
-6022 4143
4300 1320
-4081 4192
5329 -3288
-1746 2026
-3780 2841
-2216 -8492
7448 -5252
-6134 -3323
-4463 4508
7462 -8752
5277 -6318
6088 -9635
8433 -5647
1723 -3153
-2586 9423
-5290 -4566
742 630
-6654 -208
7342 1600
-8183 -2718
-5560 3322
2511 -4392
-8209 -9903
6006 -2672
53 3468 2297
-119 -9130
2105 3968
9303 6459
-4310 -130
-2407 -4888
4581 6748
9576 -1069
-9907 -633
-3728 5414
4905 7275
-6426 -1774
-215 2904
17 -118
2630 -8935
-1793 -182
7084 8089
688 -812
2056 3712
-633 -8534
-6419 -9320
300 8162
7428 -125
-2908 -8759
9242 7085
-9625 7867
4359 -6050
-187 -2136
-9426 9831
7746 3204
-5384 -326
-6978 -8301
-2238 7431
4609 -6462
1142 -6025
-1275 4724
-5344 9025
6606 -4196
-1101 -6302
-2954 1861
-9218 -2579
-273 8863
5092 9541
-3274 5666
-6909 -1807
2591 1428
7867 9334
6849 -651
6764 1457
6608 -2094
9153 -4668
-3650 -6192
-5643 -7045
-387 6977
64 -9621 -1162
4878 1521
-7715 3740
334 -4454
-5814 -280
2358 6100
-7690 -2493
3966 -4636
-5645 -2965
-7872 9533
-6358 3755
8685 -1025
-6175 -3786
7053 -3220
9548 4029
7155 9927
-3413 5753
5168 2594
-508 -4499
-8140 7399
5222 7940
3499 -8748
-4554 -2536
-3383 -199
8221 2466
-667 -8138
-3780 1738
4558 3766
7952 1610
-9455 7499
-640 -8580
7425 9668
7173 6314
2261 385
-8186 7843
-2216 7036
5782 -8718
-7991 -8773
2467 -1374
4749 687
-8909 -2198
6271 1032
9540 828
-5203 7492
-3841 -937
4990 5519
484 6136
5186 1377
2449 1168
-4517 7984
2731 6988
8741 -1488
8270 -9251
3460 4457
-625 -1792
-1135 4187
6010 -4865
-4782 9270
5963 15
-9519 -4158
9078 5472
-8640 3282
5328 -9733
-1620 1497
5156 7584
70 -2114 4571
1941 -9882
6561 6411
3578 1017
-4215 -4494
-6398 -6308
-4764 -1263
-1090 -5495
-1579 8925
-5013 4263
-8277 -5821
9345 8726
-6773 -6668
-2895 8445
-7792 -5312
1645 3815
9259 -6414
3933 9540
9997 1231
557 -497
6737 4159
3195 -4307
-3383 -7895
198 5038
-5250 8906
3021 194
-3195 6086
-1080 32
9418 9746
-1524 -8375
-5566 -6158
9161 -2587
-2572 3093
-3047 1145
-1956 -8770
-9353 -5220
9110 7564
473 -4274
9669 -5608
-5516 -1861
-2982 7506
8334 3824
3591 974
-2424 6730
719 9774
-7925 5153
-6385 -8764
-3713 4764
4329 6961
-4092 -3906
8191 -3444
874 7300
-2160 -4932
-6974 1229
3181 1231
9368 -9802
-1264 -8579
7743 -3952
2395 -4681
-7223 -3165
-1187 -1427
-8013 2428
-191 1995
-2809 -2141
-1045 3099
3953 -2855
-6625 -1453
-1834 4936
7336 4913
-3836 516
-3857 -4468
20 8601 674
2178 -5352
-3210 -8783
1146 3625
30 9719
9333 -3822
-472 1328
3369 7387
-5997 189
5060 1149
7285 -6394
9315 2221
-9058 7948
8385 5179
-5910 -2363
-386 -7310
-7968 -4487
-2662 -1178
451 -7796
-3833 -9519
-8077 -4501
46 5172 -9453
-2530 6279
-5449 -8621
1338 5700
8664 8665
8735 4605
-6673 6682
6711 8507
-5508 -1932
1841 -2817
100 -8926
8242 -7358
1526 -9554
-1191 5728
-3910 4309
-3893 -8739
8577 3577
-8740 -6873
4956 2598
-7453 7341
1262 -8719
1945 4590
-8317 2376
6817 -103
-9556 -1343
7080 544
-268 9042
6908 -8743
-6792 -4284
6985 -702
-6255 -3188
4280 -7678
-9611 5540
-4551 9066
1858 -2003
6406 -6880
2999 2072
-8570 8404
-5553 8247
-1700 -5109
624 -900
9157 -9645
1862 6064
-4667 5071
-8221 -3962
-1911 -754
2851 -3910
20 6961 -8371
-9263 6026
7209 2455
2432 -5951
-825 -1776
-4521 1299
2671 -2554
-6681 7563
8070 6140
6719 -7854
-1999 2782
1200 -3208
8282 -9041
4882 1248
3810 -9029
-3464 4491
-3679 -2726
4237 -6471
-6551 -3332
-2422 6345
8613 6778
71 1284 -2056
4683 -1154
-3986 4543
-715 1881
-7456 -4213
-3199 -664
-5932 -2240
-2062 9038
-4710 2630
-4427 -6499
-7328 6568
7739 -78
-9983 -1873
-8779 -9918
-3260 7999
1447 8024
-4057 -150
-3131 5678
-5607 9875
1279 658
-4339 -8200
-6286 3450
-439 1653
2487 8572
-1997 8061
-7927 675
4628 9812
-9403 8366
-2062 -4461
-7831 4678
-6463 3616
2701 3201
-2814 -6710
2599 5300
-3115 -2402
-4043 2546
-601 -328
-283 -7320
-8676 -7797
-5028 -673
-6016 -2955
-6277 8613
577 -1959
-9302 -7764
3580 -7133
6914 -9163
-9797 3336
4039 -2610
-9654 358
-7311 -2768
-8323 -1353
-6502 4797
-7961 3215
7477 -6637
5419 -3831
6411 -6877
3215 -6146
-8265 -2488
1895 -3845
-252 -4526
-978 -3338
-3688 -774
-6282 -5929
-9664 -2215
8150 -3254
5017 9827
9114 -7764
4623 -8848
5451 5820
-1764 4590
-8011 -1632
7714 8925
94 -6831 157
-5883 -676
9906 3312
-7933 288
9624 1293
4006 -6306
5350 -4489
-8156 -7905
-5751 -4609
-5070 -3515
-9986 -3918
-8065 9555
8040 -9754
-4736 -3593
7960 -2091
-7651 -8872
8067 187
4174 7972
-6501 6241
-1741 -6878
1254 -4015
538 -3397
5217 2382
2419 9466
7773 -8931
-4050 -8493
873 -2114
-5217 -1088
-1868 3768
9040 -188
-8323 -8612
4661 9744
5297 -1166
-8565 8796
-4926 3415
-8083 6328
-6880 2455
-3349 8337
-1443 -7209
7803 51
-6140 -2527
5279 4733
5359 -9939
-6356 -2789
3830 -3596
-9257 9228
1514 5405
-7309 -3190
-5762 -5874
-4395 3034
-8739 1243
3082 -1898
-6302 9734
-3562 5976
-7476 -2039
-253 105
5435 -4974
-5162 4514
-1192 -1518
-4554 -3642
8608 -3811
-4415 121
-4686 1997
6931 -447
9844 -7465
-3693 -8896
7499 9389
-794 -5083
-7158 9366
-9107 -913
1047 640
9193 -3519
9387 -5970
-5284 -1805
6233 162
4553 4840
-9929 -6141
-5040 -4614
5856 -4389
8660 5700
1867 -5034
-9476 -634
-1925 3452
4283 918
6538 5176
-9996 -2416
-463 9197
4066 -1077
-3053 -7498
-9162 -6820
2664 9113
-8260 6456
-7029 422
-8159 -7453
6033 -9500
66 1621 -813
-3787 -9014
7263 9665
5269 -1820
6202 4166
1905 -6215
-2577 4823
-8429 -9934
-8231 -5927
-9095 -1330
-9543 -6262
411 6914
430 -5447
8755 2977
-5694 -7024
8666 5927
2163 -5122
-9367 -575
-5458 9624
-8675 -5536
7510 3231
1970 -5068
-1947 3542
-1281 3543
-8665 3345
-7787 -8207
7083 6345
-7573 -2488
-5382 -8819
-5790 -1076
-2122 -7125
-1428 -9959
-2247 -795
3187 6016
-1172 4513
-9521 -3663
-2257 2449
4990 9517
-289 -6291
3059 1047
7054 8993
6561 7858
5337 8988
-4631 9955
-6111 -421
2600 1768
6175 -8829
1809 -6073
376 -5005
9943 -7075
-6772 -5858
2983 4692
6592 -2027
4208 -3698
5403 988
-8931 6177
-20 7630
4034 -962
6617 -6876
2713 -9494
6424 -4688
2274 2599
-3517 -2197
-9754 -9420
6519 -9811
-6495 9748
-1948 -9792
70 -5357 -1819
2368 4667
-2696 -6645
5736 -6519
3335 7087
-8765 -3907
3703 -1920
8807 7930
-5496 -5882
203 -9177
4323 -8274
-8931 8624
8246 -5021
-4151 -8287
3032 -3943
6152 -8605
7960 2240
6062 -4737
5595 5519
2465 2651
6326 3701
8744 28
-8220 7550
-2042 5
-4611 -8119
828 9712
-6392 1898
-7945 -4426
6877 -2096
-2713 -92
7682 -2841
5025 5641
9400 4807
-9096 8715
325 3369
1365 371
790 109
-9601 6292
1379 2078
-3704 6768
7680 7125
-9801 -4992
-978 -4025
582 -4102
3879 -8411
9528 1561
2470 4552
922 5590
-642 5547
4304 -6596
-1084 -610
3775 -6574
-6781 7895
9718 4598
3693 -3986
5087 5094
-6862 9007
-9899 5881
-5018 4405
-4501 -7419
9715 -1253
4142 2184
-6702 -4936
1494 6378
-9390 -481
-6498 3247
8909 -9003
-9606 -4152
-7387 -6168
-5834 6306
-154 9253
77 6705 -8020
5222 6306
-3038 -374
-8195 -457
-660 552
-2594 -4755
7572 6191
6739 7670
-9479 -3743
-5108 7490
-1114 -4111
7884 4734
-1498 -8285
8901 -1471
5283 -8127
-6352 5708
-6147 8870
2014 4536
2216 7540
-5921 -4723
1812 5206
522 3104
1396 -2740
4494 1917
7239 9386
3127 -3876
-4725 1010
-5421 7498
6447 -2800
-253 5450
2794 3396
4878 -9632
5986 -3109
4904 -1798
-1849 -7297
3479 9964
-8371 -2279
6788 3025
8702 1282
-1337 5940
667 -8211
-4215 9663
6521 4085
7161 6688
-4995 -3093
2137 7799
-5977 -2986
-8113 -9991
7627 6792
1932 -502
-6785 -869
-539 -5155
6852 -30
-8410 5553
-8749 253
5214 1918
5764 -5281
1581 6005
8804 2462
2692 -6192
-6911 -5172
-4673 -2887
5563 -2785
843 6910
-2273 -7226
-3592 4663
1905 9590
-6772 2477
-441 -5181
1750 810
8793 -3037
-3551 8277
5403 -8250
4281 4206
7933 -3028
-8266 -8979
5521 783
1855 4805
95 -7303 1714
-555 -808
8122 -5893
-5183 -8568
-2664 7294
991 5876
-956 -4478
4668 9728
5692 2945
5131 7442
946 3057
5374 7919
8513 -9885
7160 -705
1971 1964
1013 8389
-2601 -9543
-2419 -759
-1715 2398
673 5621
3413 -8336
5217 -3823
907 -115
-4096 -3402
-3450 -8966
-2240 -8784
7813 -3146
9135 6325
-3031 6295
-4381 -7340
1979 -9648
-8951 9378
-9191 2351
-1381 2815
-1531 9292
-1564 -4398
-5324 -6348
1779 9304
7258 7684
-4099 -2472
-7562 3661
-1255 -9750
-5765 1600
-9705 1205
1615 -365
3865 -6406
-13 8635
-3308 4517
4706 5311
-2668 -3104
8324 9489
2498 -3280
-3139 -5723
-3976 -2160
-4319 5646
5368 1840
3028 -2167
5812 7263
9434 6107
2188 4769
-4258 -226
-7917 9450
-1592 -1224
3967 -3165
-2193 -4981
3731 -149
-5493 -51
6572 5089
4226 -3684
-7072 -6373
-4318 -7983
5468 8710
-150 1279
9694 3004
1106 1881
-2227 6848
-8346 -144
-9982 3784
8632 7706
-5661 160
-7276 -8210
-9990 952
1739 6582
-3960 -314
-3382 -1031
3313 2301
986 2501
4731 -9165
-6221 4424
7561 8607
26 -4667
9175 1680
8910 9193
-816 -8738
6898 3523
1422 9622
48 1432 573
773 1735
-9666 -9542
-7927 -697
7492 4374
-5991 -7
-895 -5156
7493 -2751
-7596 6099
7275 1458
5274 2676
368 4466
-8141 1630
5085 9104
-3228 8427
8137 8204
-1000 -1091
3659 3055
3088 5733
-7643 580
3827 -3634
-9428 -3348
4931 -8215
3902 -8944
7885 4897
6235 3158
-2428 -3398
1344 3153
-8048 -3572
2256 -1276
-5145 4113
649 7576
-3257 -1972
630 9831
-2519 6708
410 -8692
-3206 4703
-2040 -8276
6489 -4418
-3499 4373
-9521 -7264
1251 1772
3059 -7406
-5076 5012
2744 -9100
-2544 7599
8735 -8175
5174 -4523
-146 -476
62 7335 -3769
9439 -7637
3025 4141
4045 8470
4350 9627
-5029 2443
-6174 1428
-6307 5599
-5514 9
-5757 -6782
-7248 -4856
4396 -5929
-2401 6221
-7035 3076
-3926 2489
8383 -2870
-7560 -8459
-507 9186
5683 -6463
7655 3753
-6836 -3654
-3804 711
-8506 3610
-3691 -298
-2661 4274
6641 91
-6862 1036
7883 737
-2743 -9153
-6188 7052
7057 -4085
-5819 9497
-2543 3675
8682 -3140
7212 -9943
-9388 -5904
124 529
4808 1619
-2140 -5163
-4959 5199
-7169 -8319
-989 -4031
2718 -3107
-9574 9975
1462 -5762
-9254 -1482
3875 -5072
-1985 -8669
-7677 417
1912 9535
474 6245
-2648 -5681
-3226 -4120
9659 8355
4438 -5301
3553 7270
-3620 -3716
-3041 9098
6899 -2614
-7208 -1640
5345 -6461
6878 -781
2188 -1387
64 4511 9031
-3818 7766
3225 -7573
-4883 7544
2922 4718
7202 1276
-844 -4379
-1451 146
2002 8555
7105 4820
5453 -1789
7613 -6188
-6444 -5128
-5590 2775
7060 3024
-2954 5291
2054 3228
3056 -1001
5655 -8106
-3457 2297
6612 -2535
-6428 -512
3087 5843
-6646 -1191
4397 -9541
-6372 -151
-1330 -8760
7382 5947
-167 -8209
-1278 613
4815 5768
-4097 589
-1005 8960
9589 -1629
-5426 -148
-9333 -5094
-8963 -2039
4395 4124
-2476 7749
-3347 -8080
-8072 282
5490 4320
1522 2871
266 -4924
4662 -7292
5689 3198
8476 -8408
-2493 1192
-5728 816
-6717 -1154
-9333 -6050
3752 -8295
5632 1867
9550 -6845
3337 -3797
-4925 5265
6485 -5715
3305 1727
7156 -2708
-9477 5539
0 6213
2457 2197
7805 9964
-6612 -7924
780 -3329
29 5168 4342
-1606 -9407
-26 -6018
-9857 3129
7319 67
-8075 2583
272 -3790
-391 -4281
-2913 6901
-3757 -3654
621 -3824
8803 -7183
-2299 8766
-3795 -223
3266 6597
-1860 -1566
939 -9746
-973 -5367
-5764 2891
-8518 -8446
-3322 -2872
7859 -9330
3339 -2533
111 -5854
-1912 6354
492 8709
-3750 -706
-8474 3951
1780 -2269
-2552 -1233
95 5588 -9079
8988 5842
-52 -2659
-9922 -3440
-1177 -4647
6959 5952
-6789 7630
3011 678
-2260 -9123
8766 -2186
1369 -8805
4064 -5617
-7279 -1986
6163 4173
9183 -1350
-7779 4770
-429 -5071
4332 -6760
2270 8131
-200 -5186
-6516 479
-5514 -3305
-1892 -8783
-8906 9569
-7906 -6420
1103 3463
-5225 -1113
7846 1217
-9379 7729
-4610 9804
-3621 1332
4573 5950
6262 2626
-7090 2252
756 2710
-9214 4240
-6811 -4728
-5344 5018
-3511 -529
8308 2304
6772 3131
-4234 -4732
-7982 -2668
6485 -7361
-1218 -8126
-3836 8882
3207 -5543
8552 3189
7083 -8538
-839 -2161
4172 -52
-4201 -8919
8941 4176
9821 -4570
-2633 -8152
-8546 -5861
4979 -2779
-593 6997
8274 -388
-6643 -2945
5208 -479
-343 2135
3978 -1791
-4677 4782
-329 8205
-3659 -2437
-1848 5861
2366 -2907
37 5907
6244 -8876
7755 7698
-1016 6454
-1361 -7889
7172 634
1724 -9472
-8591 -3069
3770 1067
-7214 1468
9276 1830
-30 2667
34 6311
-9771 8187
2172 6316
-1000 -4071
2222 -4757
-2947 3697
-3339 9759
151 5301
-8131 -2678
-345 3593
1571 1064
-5756 -939
-7870 751
-5751 -4874
-7420 4220
7793 2615
16 -8257 801
-7299 8059
9801 2351
281 -1236
-6875 -2302
9146 -7117
7849 4446
-5248 -1109
-5900 -7934
-5818 8886
31 3243
-8985 -9218
7493 -3858
-6638 1712
-2345 9698
-4038 -602
498 2385
6 4019 -5265
-8542 -3497
-2140 -844
-4351 4464
726 -6185
-7063 9617
1637 -1276
35 522 -7525
-9238 1537
-3022 8255
-8601 341
3687 -945
3759 9650
8453 -5743
2034 -370
-8004 -9511
4809 2221
2071 -2314
7870 -3466
8412 -4595
3192 -8252
7042 -8085
-732 -2437
-1888 3752
-7179 5090
5727 -5780
-849 -586
6996 -7090
2784 9170
888 -5183
2520 2884
-973 -2671
-4896 -8903
5015 -3306
-2368 3426
2100 -5456
8895 2862
181 1884
-9575 8293
-4365 -3033
3382 -8639
4908 -7467
4496 1904
60 -2721 4794
-9949 5817
-2687 2935
-5156 4642
-8240 -4059
-344 2175
7294 -3198
-2005 -8162
-582 -9143
2019 -8699
-4997 4032
-3064 1970
-2587 -1703
598 3667
-3486 -7499
-7170 3793
-8985 -7119
-390 -1671
5817 8175
-7030 -8703
-5885 6348
7193 -4870
-3130 -4812
689 6288
-234 -3572
-8691 4769
-9541 -1755
459 -2128
-9737 -8944
-8461 -3223
-2721 -5631
-5710 -1706
972 7621
6623 -3212
5795 -6686
1806 -6369
-6618 -1002
2482 3973
7907 -6830
261 -2328
-402 5291
-7560 57
-6464 2899
-8351 -2480
7677 -3091
8018 -5045
5000 -7693
3249 -4029
-6351 3593
6480 9444
6907 -1715
-3205 -5991
-8997 9277
7982 8911
-7554 1963
303 5765
-2746 2744
-4179 4511
-637 1192
-4249 -2961
8101 -6232
85 6821 -204
-1036 -7209
3445 -7444
9271 6610
-6817 1276
-6596 913
2280 -7319
-1106 4911
-1152 -5422
-4787 -5387
1832 -8323
4155 63
4762 -4654
5814 -8200
-2832 -6698
7516 -6012
6819 200
-3220 3985
2756 -229
594 9660
-8953 7719
572 7048
-5880 -6814
5679 2969
-2236 -9109
-8698 -6684
-3710 5457
3379 -8949
-9197 2913
-3428 1692
6215 -2192
5680 6755
8008 -3820
739 4484
5952 -4947
7864 -9281
-7229 -1565
7767 613
1622 3445
-6419 -6894
8057 -5117
-3577 -1933
-5940 9802
-882 -5137
6436 9412
-9725 6371
-2781 5956
3125 -4773
-4144 -6137
-6569 -8193
2637 -8705
-3753 5409
3451 -5987
-258 -1207
-8822 3323
1900 -7044
-8074 -7957
1023 -4014
-4435 -6138
4571 -8000
-6727 4846
8372 492
4522 1496
9440 -9622
9081 -3408
-4094 1717
1608 2154
846 -4942
9888 -9413
7573 -5213
7631 3193
-2257 9557
5236 -7514
-736 -9200
-3652 -6166
-3478 -379
-7600 -5107
-6166 6923
-9891 -6727
-8979 9190
3586 -3073
4628 -4807
-7199 -4527
252 -7311
-218 1545
-2524 -2588
55 8940 690
9973 -8575
-6326 -5507
1495 1229
1015 -5164
3629 9629
-1330 4272
9739 5665
9014 -7352
-750 -4059
7276 4444
2463 -3530
-1584 5152
6252 9961
-3652 -2616
-5303 -992
-8206 -1610
434 -4532
2883 -4351
6697 -2381
485 326
-2753 9156
-1682 706
8541 -2668
3355 -2210
6994 4351
-4046 -544
-5459 4370
-1671 -9208
8051 8398
1898 -3532
-2594 3692
4858 -8440
9161 1462
-2791 5857
-7199 -8586
-97 48
-5710 -8058
-5525 -7170
-726 -8450
4342 -12
5901 -9705
-6836 -5837
8387 5214
-5045 -9843
3612 -9427
-3374 -8983
4266 -4796
-3702 3426
6666 3507
3003 9467
4921 -7094
3236 9212
-5152 -8569
-4238 7843
-7019 -9897
28 -7398 -5880
4715 -3235
-3773 -71
5442 -3616
-6460 6015
6731 -1722
280 -8065
4576 -2574
-7679 1803
-9571 -4491
444 -6665
8745 3376
1904 -6104
9139 -254
-3123 9242
-8704 3200
-2918 9732
9966 3309
-340 9128
-6586 6921
5142 -9856
-1081 -857
-7921 -2785
6569 -1878
9018 -9282
3631 3183
-2226 6096
-3442 9678
9992 -4304
19 589 -1341
8161 -6212
5741 7893
-2526 -950
1273 -3399
2464 -1806
-4536 6329
-9167 8328
-7871 -1951
8617 251
787 9336
-6119 -6031
-2891 9977
4249 508
-6312 9945
-6349 4277
-1397 -4467
8065 -5656
-2854 -740
7115 8419
12 3299 333
-4955 -373
1167 -6628
1756 -7064
-8011 -7994
3723 -4955
-392 -8587
2154 3305
5662 -3618
6993 9327
34 1269
-2070 9288
3055 5995
25 -7686 3109
-5149 -8105
-3593 8906
-3059 9755
3793 4034
1511 6729
9744 7238
4172 -5212
567 5585
-9337 -6129
4967 -2955
-5415 4294
-9201 5854
-7777 -6193
2629 -8062
240 4943
5047 8813
-9441 -4826
-8562 -2500
-5072 5231
-4746 -9841
1959 -5002
-8882 -3870
3507 1685
-4564 7891
5556 -9598
18 -6139 4696
3177 9716
-9361 6985
6065 -7423
945 4729
-8656 3478
5288 239
4916 -7213
8889 146
1762 9048
-7896 -9520
-6114 1956
3988 5571
7392 5599
4848 -8486
-2024 8709
9932 -8847
-7856 -9430
-8142 8210
62 6524 2938
1934 2
-1775 -7827
-5083 4733
-8939 5064
-3506 -6171
-9112 -3025
-2284 6565
-5317 -2993
3956 -5998
-8146 5471
1979 -5716
5402 6853
-3572 9693
-7569 -1642
282 8955
-8705 -7784
-1044 3241
-1890 7595
1694 2892
6379 -8091
-9559 7267
-1116 1878
7553 7288
8886 1508
-4990 -5540
699 -9291
-1256 -179
7562 5173
3235 -6287
-6470 -6484
-7332 -1453
-547 5345
-4492 7563
2939 7203
454 -683
9112 896
305 1716
-7227 -2143
2724 -4621
-6915 7734
-160 7506
8444 8584
1047 9726
3756 -5719
-6561 -8993
1519 -172
-446 -9029
-4828 5062
8535 -8168
5985 2709
1149 5096
-6396 -4826
-3189 99
6752 9535
5478 9838
-9011 -4683
-8937 -6847
-2378 2110
-7122 -8623
6392 38
-3895 -2090
-6414 9380
90 -1241 8163
1136 4312
4147 -6155
-4540 -757
1170 4356
9775 -5011
1107 -6970
-9533 4665
-5981 -495
5728 -2828
7127 -2162
3771 -7775
-5771 -2470
-1670 5860
1116 1431
-1539 -6405
-407 9598
7907 -6261
-6558 -2912
6703 8333
-8557 6478
-6678 6271
9508 -2490
936 -2753
7015 -3337
8140 7863
8222 1910
-6192 -3829
9440 5859
-7970 4277
-2711 492
7872 6882
3810 5779
-5658 -9028
-3413 -8956
9305 -1970
-8758 -7374
-5700 -9251
136 8957
1717 872
-4380 -144
2455 -2438
-8234 6263
3734 -5074
2121 5764
9203 -6869
-24 -9205
-6267 -6215
-9706 -1925
-5243 -3119
-880 -2217
8632 362
4130 -3348
4833 -2013
-4391 -3451
-7421 4950
-9874 5034
-7489 -8108
5017 6245
539 858
5730 3463
3989 -574
4258 7723
3212 8273
-4203 -8311
-1126 8638
3193 -2495
2721 -2677
7878 1274
5310 -6514
-8457 7889
-7844 -8331
6643 -1611
-2718 1659
-1646 7822
-7484 -2196
5005 6506
7231 2983
7949 4163
1255 -2534
5852 -9872
-3896 -955
1354 -7455
-9912 -769
3819 9119
6439 5362
7007 8595
7032 7370
704 -1966
-972 -7221
-4145 1544
16 -9141 1770
-2187 3842
-282 -8025
-1183 7185
-8452 -1055
-2991 4314
-9702 3275
4402 3251
-2907 3520
-311 -3825
4247 2004
-3073 1616
-7292 4962
-5636 -4513
-5463 5908
9791 -882
1399 -2396
57 -5163 3300
5498 -7979
4848 -1837
2751 -839
2183 -3975
-2717 -4567
6839 -9198
5122 -6986
8770 -2875
-59 4106
3554 -5098
8470 -7239
-560 8099
-7448 8558
-503 3877
-4763 4334
-2824 -5545
-9924 -7976
2619 6548
4906 -5199
-7427 -7811
234 -6868
-3288 -924
-3854 -4518
9922 9809
9588 3476
-5290 -8222
6237 7871
-6403 -7491
-9852 3094
6386 -893
1148 -6438
3562 4945
-4414 -99
5214 -5788
4702 -8493
-3599 -1344
-5361 3114
7732 786
-7684 7654
594 -4376
4850 9025
-2598 4807
-9384 999
7317 -5515
-2187 3702
3592 -7318
7264 875
-8653 -3430
-9225 6561
783 9199
8068 -9096
1575 -7293
7739 3028
7214 -9946
4402 1528
-4321 -749
4273 6802
15 4889 -2199
-8627 9375
9335 8797
6687 -4263
6060 1282
-2915 -3649
5779 -6355
-9146 8698
-4566 -8242
272 1862
9498 -6701
2796 -6728
7701 -5677
-1049 672
-7684 -526
4730 7206
75 9824 -9700
-9671 8620
-9293 -3933
8401 1990
6873 -5249
1489 -9483
-674 186
-328 1084
-5822 -8467
4302 -2522
4329 7575
-1101 -7628
246 9572
-5311 9720
8022 -4385
-9286 7845
-364 -5235
-9815 4064
832 8586
-226 -2296
-2943 -8738
1942 6383
5169 -4665
-2534 9348
589 -4511
546 -1361
-3216 9445
1011 -9250
-7264 9421
-9530 -5522
-1244 -5095
-3956 8392
3391 -3771
2456 -2057
-5186 -7771
9368 1871
-2787 1310
1974 -7619
-9635 9440
-8272 954
-1351 2274
9593 9154
5440 4325
9905 8176
3745 -5905
-3625 -7499
-1000 2419
-5387 -3888
8648 -9211
4055 -2818
-3260 3423
9053 3953
-5268 4747
-9946 -1182
4186 -4496
9772 -3444
7778 9365
-4291 3217
3689 -4387
5114 1154
-292 -8512
7376 -7571
3907 -8011
-1459 6275
-3501 -7405
-6544 3239
9739 -3771
912 -5530
-9025 4688
7009 8882
-9809 6781
-4563 7969
6145 4868
4907 3554
-9520 3741
-5293 3910
28 -7917 -9941
6577 -2207
2321 2851
4292 8637
6307 1252
8376 -7465
-4116 -3434
-2769 -9429
-6425 -3888
-9238 -9645
5271 -7548
-9780 138
-8921 7495
4339 4820
-4078 -1752
7490 -1995
2028 4066
9519 -5652
637 7532
-3294 -3057
-1217 -4919
3199 8388
5368 -9571
8960 8943
262 -6558
-6982 -4468
-385 -3041
5670 694
-5547 9
76 376 -8023
444 -7899
7727 -5491
-8380 -4205
5146 9152
2501 -4191
1655 -8698
-7272 42
6671 -6843
2722 9334
7141 9886
-7648 -7328
-500 -689
-7937 -6085
7486 5793
6870 1582
7770 -2686
3683 9217
5544 9024
-4988 690
-8105 7513
-9781 3550
-7464 -7052
-2687 9207
-174 -6245
8540 -3034
-6360 -5388
-361 6862
7645 1702
-9224 5130
1215 -8634
-3289 -1016
-1320 -5886
-1799 -5776
-6862 6934
8635 -1246
4446 8854
-7696 6982
-8199 3338
9909 1628
-9187 -7831
8594 -1825
-3219 1953
-4964 -5575
-2625 -467
-6725 8590
899 3707
1295 9580
-8458 -6784
-2476 -5320
-9851 -3842
3434 8316
-4989 9459
9019 534
6517 8927
-7839 7331
-5184 -5525
-4495 1598
-9851 4262
9744 1245
-6206 -6981
-165 8414
-9554 -5150
-8287 -8012
-1934 -763
389 1936
5395 -2456
3972 -5873
-2998 2990
4661 -2760
5638 -9458
-1709 -9547
-1262 7517
2051 2608
1778 5516
-6147 9293
8535 7409
49 -7299 -7742
9420 -5310
4045 2377
5079 -299
-2228 -7378
-6328 1899
3346 6663
280 -5694
6021 4543
2597 6474
-6720 3834
2246 5889
-668 -2239
9742 -1376
16 -9130
50 2717
-6872 3190
-8873 -9107
-4433 9928
594 3339
-3730 7987
-1042 -6664
4649 -7042
-2358 669
7501 -6041
864 -5499
7793 -3170
-9611 -2876
4591 -6149
9469 -1673
-5279 -481
-5236 1570
-3571 -4108
2463 1996
-460 -3223
-945 5810
-5236 -8267
9147 -6867
-1588 509
7524 -4088
4469 2108
414 5982
8938 4524
-3173 7249
8376 -3705
-4425 -3183
9535 339
8388 -315
9952 4571
-8320 3212
70 4457 -978
3554 6190
1889 6687
-5398 -7603
7931 4235
6866 38
-5352 6569
-1025 -7107
-6605 -3777
-5011 3411
5519 1806
6667 -421
193 -3649
3251 -1515
1752 -3537
3554 -3792
5485 -2893
-7602 -2627
-2486 721
3491 -4555
-5045 4078
9204 3325
646 1900
6218 7762
8123 -8794
1172 7363
3012 1559
-3059 -3074
-8370 -9809
9132 3383
375 2685
9591 -4141
-6488 -4291
6953 1026
-9850 4165
-9809 -4894
-1758 9396
-7849 8888
1295 8369
6649 3138
-6705 1541
500 -9973
-3179 -8839
674 -1549
-4926 -195
-8167 5449
-7511 -4855
-4971 -278
4575 -8019
-9252 4726
9867 -9061
9832 -1892
-5945 -8018
-3005 5350
-5929 -2636
2209 -2634
-7374 -3571
1114 -553
-2409 -8212
7898 2665
1593 -6548
1834 7804
-1403 6863
-2475 -6829
-7435 1994
-8383 -7569
6655 -4831
540 -9291
872 -8745
9781 4943
-1380 5710
77 4967 -7862
-9136 -5587
-271 -7348
-7690 -3886
4245 -517
-8331 5769
8080 8532
-6706 -5028
-8904 5288
-3411 -2751
1942 1759
7789 6373
-3649 -7236
9874 -8706
5105 5583
1044 71
7721 1908
4484 1171
4560 -9485
-8995 2526
-2 -7326
-1706 1799
-5073 5309
-9509 -256
4318 -2920
6993 -20
-7441 8502
-3648 2632
-8734 -3775
3926 6371
-4472 -1310
-3558 -6751
-5681 -5354
8141 -7401
-1118 9146
5125 -7399
-4459 -2860
4400 468
-3831 8612
-9789 -9514
-588 7205
467 5693
5706 -9461
-1676 6972
486 -4030
7064 6014
4660 -2774
-7017 8979
5593 -8877
-4701 -5525
-9731 -5856
797 -4190
5005 -1083
6278 -8826
-2472 -9791
-8340 6940
7414 5848
2632 6841
6388 -9045
7533 -3127
-3075 4596
-3393 -4694
-8179 -409
-1995 -8865
714 3304
-669 4704
7449 -9873
-5766 2453
-956 -5768
3627 6572
-5558 9009
7232 -4424
4856 -136
-7584 4964
4540 9950
-4443 -8535
4545 2165
492 -9913
62 8497 -5057
9911 5522
4274 8336
2970 4401
-7431 -857
-2835 523
-3509 -2543
4965 -780
-5312 -5739
-5925 8273
-3322 -7240
2813 -3373
-1683 7999
-5108 -5798
-1510 -1300
3399 707
7364 3310
-3772 1637
5366 9198
-242 7935
2062 6923
2178 8553
-1900 -2858
1493 6510
1404 5568
4782 -8198
-7952 1315
2150 4087
-687 -9238
-7991 -8477
-537 5409
2231 -3174
2439 8459
-7816 -2196
-8623 1942
-541 3439
2586 -8363
5712 -5594
2500 -2796
-9085 -6097
-3508 5698
-574 2262
733 -8425
-3652 -9954
-7662 -1643
-4710 5522
-6235 7521
-3932 9925
9701 -1748
-2272 -8923
-6085 7188
8237 6501
-7455 7669
-9094 5045
-1407 -8178
-7331 8806
-8760 2095
1067 1973
3671 7415
5740 9730
-507 -5249
5251 6979
-7729 -8682
36 -4308 3292
-1648 -3231
7207 -4461
-1274 3707
1805 115
8334 -3150
8708 -6124
-481 7514
-1163 -8387
2301 -5469
9005 -284
-9730 8734
-7071 -1258
7705 9908
1014 -7256
-9469 6706
6036 -1116
-2804 3242
8144 9643
669 -51
-242 -998
6799 -1535
2879 -3683
-301 -8285
1651 -8000
-3754 4377
5437 238
3110 8366
8980 4536
-8007 3714
7280 -7475
4141 7036
1409 -4943
277 -448
-5301 -9055
-6779 8178
3668 -9981
57 267 57
-9938 5704
-8292 -7938
-4330 6085
-8781 9629
2915 9585
8609 1171
-4701 6043
-1550 -2176
3904 -4515
-7047 8961
9483 2505
-2619 -5852
5727 -4442
7817 9467
5922 -1917
-476 5985
-2493 4953
-8233 3178
4758 -7013
2806 -2328
-3708 5135
-7436 1591
1178 1014
-6865 -1198
-9780 -3912
-2237 -6577
-7686 5144
-2428 8041
-5578 -891
-8773 -9656
-9088 751
6329 -1580
-576 -8184
-8403 -5819
-5197 4403
5575 4817
-462 8139
-3593 -5564
2873 3264
3238 6814
9352 -5279
-9763 -8335
-6415 1530
-6574 -1992
-9362 -5346
2073 -4729
9126 2122
3691 -1450
3938 9009
6452 -7538
7133 2026
7279 391
164 -2594
4827 -6963
-9331 1785
9851 -9979
-9773 -6192
41 -2467 5338
2555 5541
9697 -9071
1334 -5032
-9946 -6545
-7621 2325
7394 -8612
2498 9856
8521 -5477
7134 -1089
4688 -1740
-2542 -8555
-1070 -7037
-8705 2672
-6810 -1175
-8201 724
-5838 4354
-15 -6141
5283 -4960
2548 9059
-1505 4927
5104 -4112
6315 -2399
-536 8556
2125 318
-2534 533
8579 8645
5699 1229
-8392 6994
-6100 -1481
-4182 -4301
-7037 3702
-6226 6670
-8719 9057
-8291 3829
-8165 204
-1245 6940
9814 -1209
-1739 2998
-2654 -9615
-6684 8534
4639 -4385
7 337 6844
-7494 1052
-5536 1026
-9410 3884
3989 4292
7658 4379
9294 -9565
6088 3122
58 13 -4402
9210 -174
4389 -2529
-7177 -4545
1577 -140
-2291 -63
5475 -1392
-9727 6039
1114 5046
-9498 -4140
5637 4387
-6430 3649
2044 7949
2943 2479
4037 -215
4750 -5951
5383 7680
7596 3492
-1129 -5861
-7332 -5831
4000 377
4106 3195
8985 8100
-766 3820
3146 3457
9680 2503
-2157 -6751
-128 9888
-8802 -3465
6087 8956
6321 4557
-6996 5424
5958 -5680
2637 -5172
-1541 5305
2718 -3821
-598 -3177
-6905 2108
-1356 6050
-4073 -4490
-494 -4394
8013 7350
2577 1605
-9043 3775
8141 7044
2730 8182
5322 9455
7326 1279
-2505 -38
9828 9675
-1013 2546
-425 8390
9369 2670
497 1733
-1281 6424
7243 8225
-4250 8976
9295 8327
581 -9749
44 2442 -8984
2272 4344
-9942 5447
1669 1337
-7059 -4648
1164 -7384
4339 -6291
2191 6449
-3201 -1419
-3055 8532
-8980 -2911
5775 9245
2840 8471
-7740 4887
-949 -3768
709 -4787
969 -7020
9557 1027
8428 4947
-7637 -4911
-9702 7249
1426 8358
-5322 -2663
4807 5198
5918 -8249
3730 6938
2562 3225
9904 -878
1695 -4116
-5992 -5533
2116 4717
3401 -6915
-8582 2958
7833 -6434
1625 -6083
2376 5644
-8835 -6198
4001 -436
1139 -1193
-5238 778
4280 -7788
1436 562
9158 1339
9684 4573
7223 -6309
61 3060 -7871
2441 6145
-2732 -881
7698 834
-5536 -8386
-3070 -9893
-7221 732
4108 6065
-4408 -3364
-9174 6370
-5364 -6962
-2195 5198
-4084 -7135
4881 -9512
-6192 -7708
-6751 6868
-1858 9411
6733 5410
2250 4431
-36 6714
9766 6895
6821 -7455
1347 928
8610 6939
-8716 -6844
7029 -4080
-85 -1445
-5162 5831
5141 -6561
-9961 -7331
-547 -6712
-6742 7595
-3581 9991
6726 8669
8142 410
5382 7908
1025 5923
-5827 -7628
-3149 -3497
-6969 1856
-341 -6219
-8503 -6706
6057 -3665
9125 1197
-225 9164
3866 9228
-3827 7124
-9458 2592
-9165 7268
1261 -7303
-2322 363
-5675 -7577
-3714 2219
-5205 6858
8722 1548
-1287 2101
5329 210
5395 1385
-9734 8240
-3698 3762
7404 -9833
6710 -6424
89 7252 9889
-4432 8241
1149 -1735
-361 -4767
6312 2062
1519 -1470
-9422 -1624
-2748 2126
-9191 -6927
-2546 4741
8469 -7441
5007 6708
-1139 -1232
7832 2749
-4523 -4872
7482 -3551
-4983 -6951
-5311 9887
5036 8049
-4881 1347
3832 6638
9877 4410
-1266 849
-3465 -456
3923 7710
-5716 6112
-6011 9291
6540 6571
1779 8093
-681 -9024
-3059 -3199
-2575 1958
3571 5836
5566 -1394
7605 -9316
-6327 1436
-8957 -6450
-4155 -223
8120 6101
-6959 5763
7531 -2675
5595 -8481
336 2135
8090 -4165
3948 1130
-3189 -9112
7931 7958
6568 5222
7514 2133
-2451 8839
6538 1222
275 7581
4772 9841
1079 6613
5942 7841
2375 3472
-1113 -2030
4992 -7057
-6175 6802
-1221 -8507
-2069 9311
-7619 -418
-9012 8949
-5196 8502
4802 2353
-8939 1340
-6426 1336
2641 -7933
1176 -2560
-7600 838
-4719 4775
-5690 4168
-3535 -6978
7111 4011
-6456 -4111
5504 1476
-1079 7886
-5222 -91
-9446 -418
2132 5357
-4345 3193
-3304 2951
-5472 -6943
5018 9425
498 7418
263 5779
5913 8294
-54 -3901
-4964 777
-9891 2301
10 9335 -6224
-692 7220
-1445 9217
-8506 -8143
5069 6851
-2487 -1739
-2733 -5816
6510 325
9202 5935
-9178 -9661
-82 -9679
59 1932 267
-208 -9312
-5236 -98
2989 -4849
2957 -9514
4459 176
2762 7397
5391 4619
2465 5963
-4148 -5553
-6771 36
-9044 7275
2958 -9389
-8183 7018
529 -7862
-9289 -3819
6126 503
-3131 -9110
-5875 9859
-238 7082
-9656 -2058
978 3106
-4662 -3631
1445 -8477
-7669 -8982
-4030 -719
1054 648
-3444 -2267
1259 -1627
-5250 -4491
4233 -4539
1690 358
9686 -7720
4969 -6190
-7862 -5269
-5387 -3797
2673 5591
-6971 -8269
-8041 8195
-3025 -1989
9213 6667
7293 267
-2686 -2431
-8280 -7707
9663 -3530
-2198 3895
5653 -6787
-2026 9059
-4507 -3337
-7132 -2369
1394 1202
7555 -2213
-3207 -5696
3239 2473
-7502 -9786
-9516 -8289
-9399 -8503
5699 -2085
-934 7419
3929 -1272
30 -8269 -3656
-3018 -5056
4318 -3960
4158 -9020
2630 -4491
6096 -6169
-6937 -6118
4345 1088
-9158 -3182
3586 -5223
1023 9018
-4622 2520
8437 7014
-8415 9576
942 4034
-2815 6394
-9623 7888
-4942 4695
-6072 9216
9397 -9722
-5276 5492
-2170 1508
-6906 -7825
-7405 -2343
2714 9903
2434 -6264
8920 7812
6256 7357
8546 -8439
6932 -512
9316 -2163
66 9694 -4275
4661 8109
3374 7597
7505 3652
-7679 6717
-4798 7550
-6468 -2623
-9855 1189
-9910 -9953
-6377 -2453
-7313 -4845
-6198 -6236
-6299 -916
-9304 6910
-1600 2254
-3489 1814
7979 -5108
-78 5073
-7511 1148
2445 -1469
1585 7648
-199 5117
-1255 -54
-3694 -1164
3714 3650
6383 -9878
-7475 -6094
-6114 -3774
6711 -5418
-3144 -4890
-9443 7089
6924 -7744
-8020 567
7330 -1810
-8286 -226
-9559 3299
1142 243
-1584 9888
-6091 8443
2444 -8656
5813 -1174
-8534 8338
6453 -4648
-1715 3164
3656 8862
-8006 4213
5950 8919
6469 7931
-515 3798
-159 4920
-2707 283
-1782 8435
-5754 -9646
8322 -1845
-7483 765
-501 8330
-6688 4686
-9612 -6515
-9962 -1327
6649 3694
-2466 8644
1627 -2795
-8718 -1905
-1144 4488
-4386 8697
-593 6628
2700 7625
58 6946 -8300
7105 -1178
-5783 1590
-7959 -3732
4902 6728
-3344 -7892
6766 9050
8757 4180
304 -8880
-4194 7509
-3877 7622
-3636 -9390
-3044 -4939
17 -6417
-8519 1363
-7634 -7852
3063 9471
970 -9000
1060 6732
-2732 -317
3459 3924
1791 3945
6694 4268
1845 -3002
9110 7651
-5494 -4768
8994 871
-436 -4051
9653 -6699
3254 -8867
4664 5620
-6719 1447
5090 7972
6169 -130
4704 -6564
-6727 -1838
-8919 8785
-4172 7775
3053 7673
-5228 5883
9045 -721
-5165 -8242
-6130 4399
1428 -6478
7701 -5319
-5345 6085
-9700 -2063
-2468 9111
-4092 -6300
-1019 -9389
857 5975
2495 1938
4760 -7957
3434 1533
-6564 8206
1136 -3799
1205 5971
-2041 5075
370 9388
5 -1930 -5932
-3027 -5846
-5631 4910
5407 -2800
-5462 -7173
9902 -1129
79 5877 -4914
-657 4357
850 -7224
-390 4286
-5297 -9255
-9513 9629
6716 2167
4704 806
1554 7021
8876 9344
-2286 -3249
-2567 -7377
-4122 4633
883 -1294
4535 -6526
-3889 4132
-1440 5454
-1512 -6870
-8049 8098
7416 -3346
-7437 -8377
3 9279
3791 -1573
85 -935
-4552 2681
-1592 6883
-6848 9562
-6773 2752
4195 4110
-8543 2450
7584 -2432
-3419 -136
-3258 8790
2994 -1307
-9393 4130
9068 -6830
5754 -929
-3831 3265
7498 9975
-3950 -3334
6377 4459
-6451 -6751
7741 -3224
6001 1935
-5394 7458
-1895 -4090
-1254 8407
9495 9210
7196 6209
-2098 -8477
338 691
-1586 -188
-6518 8305
-3203 -5300
-8001 2848
1367 8376
1027 8637
-8375 -1233
-867 -8654
-5577 3739
-7475 2528
-6631 4992
935 -7137
4201 1851
9072 -4176
7096 3130
6515 -4491
-3337 -6283
-2466 3460
-1583 -466
28 9784
1630 -8946
-7860 3255
-178 4994
8323 7966
-1268 -9153
493 5822
5839 -4852
8685 40
-9280 -8524
2 7816 8328
6099 -2955
-5010 9816
87 -7830 -1768
-2166 2199
1737 9464
3253 7598
6440 -3205
2592 4762
-5240 -4956
5609 8975
-9134 5168
-5878 -6729
-1072 -1437
-1531 -1488
-3622 -3204
-5390 7145
5507 -1854
5445 7677
-9901 -3001
-125 5557
-3538 -3151
3154 -7099
3644 -4255
-8617 -7875
4511 -9288
-8901 5377
5881 -1058
8648 -5192
7506 837
3321 -2396
7633 -8349
-5252 3139
-202 -6087
4537 3618
912 -1868
-826 -8905
4981 -7673
-6004 2346
1794 -899
4471 -3696
-187 9291
-4599 -4307
-1768 -2231
4223 -4263
8607 1264
3342 6239
2915 -8190
3099 -3567
-555 -2365
-9950 -5923
5767 2945
-4828 4469
8994 2890
-3186 787
-8010 -4995
-9189 1803
-5705 -3788
-8783 2527
3981 9161
8265 6308
424 5327
2547 -6662
-9143 -4355
3493 302
7001 7264
4380 2767
209 9552
-2765 -798
6162 7770
-6291 8152
-7226 -1759
3676 790
8174 8614
-6683 5875
7774 -4698
2183 -1803
-5651 -5271
5256 -4794
4095 -1252
9230 4816
-267 3609
1303 9942
6881 8539
2864 6764
-9972 -9707
4915 -3476
-1466 2311
7314 428
924 -9370
-3698 -1303
40 8485 -9386
4002 -3066
5871 -7071
-5251 -1661
-7842 -6715
8072 9488
4589 -8267
-9912 6848
8318 6852
6876 8611
5488 -6601
865 -2202
-9287 -8708
8723 -4936
1316 1140
4718 3521
1755 2440
-5824 1346
9090 2646
-6595 -8753
5932 -4802
-5545 520
-3069 -5456
-2633 -4751
-4884 -5758
-2420 -9397
1363 -7834
2123 5797
-2821 4566
-9140 8495
-4295 9299
5737 -8820
5460 9913
6247 4549
2558 9653
9518 2210
-1429 -6028
-7271 5502
2237 3817
-5529 -8926
-8220 5773
64 3143 7939
7521 -1061
-4883 2086
3520 -2667
-8488 2819
-6931 -3587
-1722 -3298
-7340 -3453
-7020 -3967
-3936 5191
8325 3758
-8360 7547
-4006 5458
-7982 -2932
7238 -8489
2467 4101
-6830 3708
-3240 -1713
-4206 -9721
9341 1027
6819 -3870
7440 -1183
2832 -6180
5365 5813
3574 -4851
4724 1898
8907 6364
-555 -1378
5542 5184
9411 6500
6695 5598
4321 9865
-694 -8920
1872 5100
-4919 1213
-153 -8101
7343 -2714
4438 3896
1107 -198
3429 -1599
4951 -1848
-9701 7579
-1764 3465
-3800 -6222
-1352 -669
-6002 -937
-5071 8320
2648 4235
9400 -5481
3055 -1799
9453 -7099
101 -9484
3908 -5462
8133 -1265
8061 1561
7137 6732
9713 7436
4310 -2052
900 -5770
5447 -6732
3562 9446
2331 -7789
7765 -5022
6446 -9116
3218 3221
19 6392 6122
-7093 6908
29 1166
5040 8765
2947 321
5901 -322
33 7057
-2291 -8299
1677 5660
-9131 4945
2942 -9686
996 5153
-8201 5974
1598 -7317
2912 -5182
5490 -697
-5340 -7883
-3790 8411
3283 -5030
7175 -50
65 6796 9629
-956 7573
1058 746
-751 438
1615 -2086
-6620 5650
8910 8533
7449 8604
3852 -6148
1515 -7610
-6937 -9182
-2949 -4820
749 -4539
-7816 5720
-3644 2134
4731 -6849
5483 -6225
-5556 261
8242 3693
-9301 -144
-4673 -5921
-774 -5764
-3668 395
-7161 -9817
4247 8075
-7426 7310
8893 3346
-3789 -358
8807 2116
-918 -1117
-5751 -6188
5755 -6547
-2413 -9802
3714 -4172
3891 8134
9405 9218
-7788 -1370
-2826 -1455
9025 3734
-1272 6993
1808 5023
8023 4422
-1632 -2046
-5937 895
-9931 3145
-6502 -1960
-9323 9253
1493 -1735
9451 -1073
7814 7062
-2939 -9061
10000 2994
3290 -2827
-8462 6036
-9094 3988
3028 6436
2731 4771
857 -5180
-7275 8641
9436 -7206
5506 -7066
4555 6183
-7814 -232
-1832 -8363
8696 -4018
-7581 -523
25 -7581 -3809
-9790 -408
1451 6246
4220 -4562
2994 4376
-8111 -2235
-1047 -3291
4211 -2407
-3855 -9275
-6902 2800
5281 -6999
4986 -1231
1170 -9657
1185 7152
-7237 -9339
-2207 -4818
-3147 1724
8495 -7976
1691 6435
-2538 -1595
810 3072
9891 9763
9782 4101
-2645 -353
8548 4174
-7554 7549
64 -8848 -3683
2066 -4783
7503 2938
-2020 -8116
-9270 6883
2458 6175
9098 4482
-2135 5533
-4336 6271
-3658 8737
6161 -174
-7762 3983
7181 1885
2530 5076
8052 78
5972 -7076
6395 -1963
-1859 7618
-5305 9842
9503 -854
-9556 1960
-4680 9543
-3558 6907
5075 2106
6898 -4863
842 6779
4963 6801
761 5865
2406 -2989
940 457
-9191 632
7103 -9075
-7611 -4757
8543 -2916
-1194 8045
6230 -750
3726 -4730
-1208 -9833
-7824 -2413
5994 -7206
2725 557
9574 -2313
-2643 4055
-6449 9764
-8934 8212
3941 -4404
2564 1043
-3479 4953
-9993 -4936
-4243 2534
-3171 -4293
-8217 -9446
4699 4297
-5558 6875
-8117 -9564
9670 4608
993 -7037
-3984 8350
7018 3288
8113 8084
1500 5775
-2599 -2216
538 3922
-3542 545
-7294 2215
51 -464 -8357
-1417 3811
6342 -7121
8254 6937
-5238 -7590
6606 -6909
3403 -6711
2828 5473
-9693 -3885
7307 -7889
-8665 3081
-488 -880
-6382 -6566
5578 7885
-139 1513
-5317 -6883
3156 3266
6929 3218
6145 8903
155 -5372
-8688 481
1440 8436
3771 -5733
3908 4078
382 1214
9910 5439
-1985 -578
-5442 5355
6577 -6144
3239 -3563
5369 7922
-445 2246
4909 204
-816 1053
-894 9339
9402 4139
3541 4562
2574 1032
8829 202
-4891 2932
-4863 -4982
2091 6873
8161 6649
2227 4737
-5775 -4535
-8826 -6686
-2892 4450
5560 -7984
-5347 -1535
6790 7480
-2197 9913
5339 -4936
53 -2088 6096
7024 -8166
-5075 3676
692 3665
-4234 -2435
1825 -3865
9792 -3438
360 -1022
1457 3674
6086 -4094
2955 -8178
4280 -8581
8612 5480
2943 8524
818 8008
6719 8730
4103 3742
-5716 -7251
1138 4977
6414 6904
-7459 -1762
-6962 -3947
8521 7119
5031 -23
792 4837
9604 -6254
6659 7604
-4835 8992
3083 -8171
7515 -6100
9837 7954
-3650 7660
5416 635
-9592 -3447
-668 -9458
-2823 5594
-1219 3936
-8354 1022
1054 -9602
-9001 -8154
5235 -5677
-687 1894
-4352 8200
885 8731
-9972 2120
-3648 -6415
74 2702
-8756 -790
-2943 -4626
5764 6389
-4084 -3339
5703 8418
-9403 7350
-560 1651
45 4160 7218
2982 -7797
252 -1404
-2149 -1549
-6799 303
2200 5322
6655 5785
-884 -644
-9251 8326
-9866 -156
7810 -9757
5761 -5529
5947 4178
-4932 3296
-2662 -9561
4764 -8503
-8622 1466
-6299 1630
-9938 5273
-6199 -6737
-4425 6001
-7695 -7771
5506 5142
5307 6255
3468 5441
-3901 1277
9405 -4420
5748 5351
-6522 -5464
2367 817
-1303 -2870
6035 75
8597 -6544
-4575 -7621
8730 -774
-637 -5696
-1053 5390
255 -5548
531 -718
-5573 -6002
-1557 526
8997 -2153
9827 8465
-6802 -6695
-3278 5565
7843 5419
73 3877 -4507
-1267 -8946
918 4833
9784 -6136
-5805 -2192
2811 -6695
-8217 7263
3837 1065
-4590 -8445
9508 5937
-5728 1076
9484 -7263
4274 -3491
-541 3559
-5649 -1402
9975 -8051
7812 2428
-6997 -1271
-2740 -7214
6314 5177
4315 -876
8482 6099
107 2318
884 5517
7595 4113
5174 -8134
-4812 4658
-1676 9462
-8834 -8497
6741 -761
101 -9564
1188 -2088
2864 7912
-9639 -9876
-5582 6675
5301 8733
-481 3782
8552 9626
-179 -564
5143 -2585
-6452 316
3002 -1264
-1306 -8674
1918 3582
-7171 2379
-7180 2931
2815 7729
-5437 -4321
5640 -5075
-4197 -9943
-4680 -8897
8790 4840
8606 7342
4465 -1574
498 3328
9562 4046
-2635 2564
-3498 6059
3890 -7860
-360 6719
8240 6181
3370 1055
3909 7934
6734 -452
-3421 -3743
-395 1899
1081 2116
459 -314
3178 -5076
8113 -6325
-8028 -8606
-8559 -663
3958 1664
-883 1568
50 8757 -1713
5764 8659
-4623 -3182
2567 -2969
-2728 -4164
7331 3529
9162 -770
-5391 4998
-6591 8017
-1825 -1667
6129 1850
306 -8757
7012 -6637
5202 -1325
2480 -3231
-3801 4958
8777 -8037
3616 -5846
2502 -97
4906 9775
9460 2237
7024 8622
-4813 -8367
7340 -1404
9650 -4485
-9350 9499
-8915 4677
-5538 8098
8040 9664
493 520
154 6693
-4523 -1070
-7624 -7187
6805 4878
6437 5432
8373 5897
-2332 5397
8239 6576
-9250 5578
-4829 -5880
-8908 -458
-2661 -4101
-5782 1801
-6004 -4021
5186 8210
6499 -4661
4902 -4304
7990 -9002
2230 8516
9598 -1334
3947 7970
70 -8386 7087
-3479 8190
7837 -7901
-2919 -4323
-3088 6624
3016 6532
-9159 -5183
-5752 -3180
-9998 -7542
-2961 -938
7360 6456
-2949 -7921
-1315 -4434
-8324 -8928
9513 -6634
-645 -5153
-9547 9598
-3243 -7990
-4583 3839
1409 6050
4183 -5576
2582 5024
2962 6830
-4435 6685
9288 6325
-4254 -9632
2781 6519
-7553 -4814
-4195 -2156
-21 -4682
1210 -6945
3886 5384
-7348 -9357
-8885 -1931
8203 2524
-5882 2385
-9332 -9580
1129 3631
7251 -9586
4036 6538
6740 -6497
-9374 3241
-9979 -3206
-7853 -4174
4638 5848
4865 -431
8903 -1249
-5048 -4725
3115 -212
7065 5038
-7689 -8818
-2578 -7020
-4676 -7729
-9669 -7426
-7314 8088
-7168 -6854
-8410 -6541
-9893 -4668
253 -4025
4880 -1388
-4457 3465
8181 -5555
-4064 -3147
3441 9051
-9638 505
7809 -7327
5409 -4770
-626 -9268
1223 3426
-6694 7630
1514 -141
49 6825 7039
-5397 -4122
1013 4299
-9243 9625
9843 4222
-8475 -1992
-9842 2099
-8551 -7071
2461 1954
-9262 8856
-2638 -311
1950 -1906
-9089 -4624
5121 -7739
-9390 -5020
-3243 -8845
-4261 1360
-2967 6752
-620 1511
-9904 -778
-4267 -8379
7230 -388
3721 8679
6262 -3819
4354 7000
-4964 -8285
410 6987
3531 5042
-3917 -1349
7304 414
7352 -5940
1569 -6909
5421 -7677
-6437 -1479
3834 -6340
7743 9567
-998 8693
2899 -7278
-8908 -839
2625 5446
-119 -8619
-9119 -9710
-7912 4412
9054 1892
-3216 6357
-7695 -5865
-9584 7596
947 9558
9919 8232
-1922 3752
23 -459 7040
4614 -1766
3659 -8943
3047 -7181
3682 2213
6422 8784
3094 -9568
-5407 1227
9486 6485
8011 5842
8791 -4134
6259 -9894
6814 9537
-9976 8766
-2385 7497
-5623 -9124
8257 8991
2831 1916
-9953 -4123
8456 7450
8090 4877
6234 4905
5310 -5453
-3869 8516
98 -5859 4358
-6458 3728
4337 -6352
541 3873
-2607 3027
-4792 -5110
7404 -3915
-6854 6395
8916 8783
6442 -1486
7239 7613
-3397 2115
7567 -4772
1145 -7887
5080 -339
-6856 -7059
-2261 -3313
6670 -7925
4056 931
9669 -8551
-6042 -5123
60 -8639
4683 6927
7756 3598
5710 7919
-7889 6669
9252 2436
2504 6818
7664 -6351
8931 6465
7031 -4205
9406 -5231
6203 6075
565 259
-2994 233
5429 964
8831 -4512
2325 3513
-3865 3802
832 -4435
1720 2943
-7767 971
-901 4738
1509 484
-7893 4160
-3052 9138
9955 -3647
-2373 6158
-7572 -8088
137 -566
5866 -4435
-5882 4697
4774 6443
-1791 -9092
244 9041
195 -4316
5705 2428
-9625 -5197
-2835 1884
9008 -728
-3957 -4045
2130 -281
2309 -6523
-403 8458
-4611 9734
-2109 -8745
-981 5730
9673 -6208
2172 1602
-1579 -3863
643 8616
5542 68
4765 5918
8592 -8071
1522 7600
4923 -8714
-6446 773
1005 9584
7972 -9399
8041 -2919
-5945 -348
-1664 3074
-4619 1729
-9414 -8726
-6669 -993
-2589 3974
1344 -7048
-2238 -3892
-7410 -3647
1758 4113
-2327 401
9120 4949
-5105 124
4532 -7134
4446 6294
-53 8501
-334 -7996
1574 8769
3733 2160
64 7064 -5113
1174 4758
9952 7847
-3760 -220
-5842 2594
-4741 -8009
-6013 5660
-8890 8936
-5725 4955
3468 -2859
-600 3482
-9191 1621
-6853 -3466
-3085 -4364
-9734 -7205
-601 -8949
1403 -9428
9530 1355
-7860 -4230
-8866 -3702
-7916 -3607
-1711 -3929
-4226 3120
-1272 49
-1926 -4084
-9089 -8806
9398 -8280
2815 -3735
1975 -6550
1902 2241
-3755 -8700
7013 7648
-4406 -9737
-998 1455
-3967 3858
7753 1838
-6029 -238
-8371 -255
-7119 357
-6485 4676
6273 -5574
5870 9391
-133 2405
-4344 -8159
5855 -8722
7803 -7901
-3701 8537
-6533 5614
8800 6191
-2932 -1447
48 -1459
-5889 7740
-7977 -539
1206 -5096
9819 4721
9580 9812
-7133 9170
-7077 6455
1574 2300
-7984 -2572
3578 -6461
3248 -6403
-4204 6716
9212 -1684
2906 0
27 -3326 8542
-5300 -5587
-9436 4162
5619 -810
7701 4060
2490 -8768
-9353 1660
-5845 7102
-6767 6455
-7162 4383
3753 99
-2370 7351
5895 -5655
-9718 -5789
7251 4003
-5200 -6076
6265 3222
2059 6830
-2617 -2323
-260 -1196
-8263 -4050
3757 -3895
7610 7913
-3072 -5436
8088 -234
8947 1841
-6415 297
2912 -6799
68 6915 -2588
5614 917
5933 9539
-2818 2875
1597 -2268
-6022 -7006
7472 2782
-1548 -2858
-3461 4558
-5248 -1828
-8515 3037
-3741 4972
5704 -8180
-7722 -4000
4732 -4521
-9358 5367
6612 6257
-3716 6265
9516 3466
-860 4833
-5082 3118
-8453 -3890
-4100 0
3252 6160
-1722 8004
-5669 3484
4761 4311
-1545 464
6132 4454
6465 4584
9933 -9173
3672 6544
-9196 9956
2809 -5960
7142 -8052
8873 -7941
5066 -5859
-1831 -5314
4141 -8580
-5434 -3861
-6855 2618
9623 -8374
-3071 1798
2091 -3219
-3748 2276
-4915 -3816
3103 8757
-3551 7629
-7568 -7022
-8332 9574
-5074 -5738
-4647 -6288
-1597 7243
2120 -3736
-7616 6686
2403 -750
3025 2025
876 -6326
-6178 -3313
4176 3795
8963 -7019
9980 5787
-8262 149
3415 -2109
3127 5083
1186 -8227
-6935 6539
-4515 1468
3782 -8675
51 6166 -8268
3855 -864
4757 -4121
-9989 -7849
3423 -3301
6327 -2783
-618 9308
917 -4832
-5234 -8935
-7697 2658
4192 7387
-6157 5965
-5828 -5898
-4829 5641
-8396 -3504
7093 -8510
1949 948
626 426
-9453 638
2577 3970
-8943 2624
-8813 439
1932 2104
5608 -9582
3170 7911
6797 1082
9018 -5640
-2953 -6810
-1537 5939
-7449 67
-3845 -6636
1558 8105
8033 -4096
-1470 8581
6542 -5172
6271 7599
7452 7458
-1962 3104
3283 -2634
3523 173
-4724 319
-5025 -1985
4680 5743
1205 -3137
1681 7477
-9350 7837
-9160 5929
9662 -7406
-8167 1912
-8826 8375
6740 7445
9695 7913
48 1453 1016
5627 8819
-5462 -4201
-5906 8579
4495 2109
6979 238
-2966 -6159
-8082 -1769
-5509 -6525
-928 -9580
-3143 1666
-4026 8770
6561 -5652
9230 7726
-2237 7142
6349 9216
1879 5696
8034 -9863
-4785 -4151
8716 9711
-8322 5694
-52 2434
-6745 5587
-9336 -2253
9063 3457
1888 -4081
-1157 7862
-1591 -4597
-4070 -2361
-3150 3694
-1499 -6802
6630 -9621
8895 8385
-9483 -5891
-5767 -7047
-2460 -368
-7632 7488
-7935 -4377
3075 -7270
7091 5858
9908 -1022
-4503 -1249
560 3907
7875 6491
-4734 -5276
3905 3767
1644 4255
7868 4259
2639 -7895
86 6872 -4942
-371 225
1147 -2884
2290 6771
-6089 8741
3861 -6511
-7631 -3440
-1013 1120
7120 -3386
2715 7331
1880 7440
4956 -633
2804 -789
955 -2938
-8151 3060
-850 -7558
-8161 -7501
2667 2986
3337 -1323
-244 7248
1139 -2662
-5542 3508
3898 3445
-1652 1017
-9942 -8938
2069 5659
-7778 -2976
-4975 8747
9956 5981
-4192 -8195
2761 8680
-2032 8321
-5101 -5645
1307 8236
6753 -5217
9205 -2109
2121 -6338
-4881 -261
-9173 7188
-9244 -5394
-8029 6546
-9736 -5807
-6431 -990
-3339 -6475
-1289 6190
-949 -8528
4869 -9261
9793 -6511
-4906 4820
-8276 -8154
-6676 -5351
3459 5445
-1689 -7702
-4816 -862
9487 -339
3744 -8543
-3794 7729
-629 3496
-3261 9753
7021 5450
5943 -208
-9358 4532
531 -9565
8021 5625
8976 -6534
-8808 -7701
-1885 8372
-8535 6427
-5610 370
-715 -2403
-9970 -3250
2775 -43
-5522 -4133
-6548 4938
-4381 -5806
388 -8439
3986 4751
6094 -1762
8907 7835
-6138 7883
-8700 -1225
-6098 -584
867 -4633
-437 5258
5737 -7432
-7146 9488
3039 5630
73 7518 -8504
6618 6176
836 -9189
284 2398
8518 -4965
2212 -3245
-6059 46
4339 -4456
5068 -3166
-553 -5517
7702 4814
7767 6680
4272 -9666
9534 3759
3374 8884
-3076 4612
-5900 -6459
4508 4937
-1927 -5208
1055 311
3548 -3013
-9213 7489
-9247 5126
-6967 5821
-4320 6201
-5976 -6619
1014 -8210
-9940 -994
-4154 -6685
-7235 -7060
-4081 -311
7552 3741
6951 5780
-1323 -1256
-9429 -6548
-7225 4119
439 -6438
5329 1192
-7592 -7918
734 -1911
8283 4758
5191 3017
-9731 5252
-7977 -3885
-7713 -5212
2776 -1794
8198 4048
-8054 8869
-173 4344
1333 399
-8484 4108
-1762 5676
-8609 -6434
589 -6201
-4352 -8678
5609 -2349
9801 800
-9332 -9931
-228 -7309
-95 2059
-2521 -3599
-6015 -603
-9552 -347
-1735 276
-2283 9598
-5605 -766
7426 2633
-1370 8817
9921 9219
-3663 -711
-9460 -8055
6941 -5938
2745 7609
-2148 -3763
60 -8522 -7984
1499 -2121
-3998 -9105
-1672 9376
2881 8604
813 6199
-3281 -9954
3624 9352
2398 6162
-7008 1616
-7502 2282
5878 -5557
2943 9940
-9091 551
-2209 -2854
4571 -731
-837 -3931
7149 8886
685 -803
8261 -6435
1521 -927
-6516 8240
2841 7108
-8689 -4762
6990 -5696
-9426 9488
-9694 6452
-2348 3249
-9889 -1439
-2480 1624
5707 -7910
-9108 -1410
1880 -8239
-2525 -7436
4679 -544
-150 -3801
-7750 3334
-5562 8812
4162 -4250
-2230 1152
3775 -1656
639 4081
-1483 8291
1050 -1372
572 8570
-9749 0
-5620 -5135
8590 9981
347 -214
-7456 -4974
-7038 6115
4946 -4788
3169 9385
-2256 -2670
-1145 5514
-7798 -7371
-2421 2842
6710 6096
4853 1480
-1556 -854
49 2417
4 8150 -8998
7735 8130
1349 1241
-5606 -9905
4204 -9492
68 -6864 7398
8147 881
-5273 -2999
115 -3070
-370 7694
-6508 60
7510 -7935
-8461 -325
1211 5309
-7909 356
3458 -6907
1812 5308
8163 -3227
9702 8259
-9024 -6070
7021 -5887
-8673 5167
8715 -225
-7833 2550
-9575 5518
244 -2362
-4423 1474
-296 837
-8852 -5365
-3855 -3040
8713 -6677
53 4245
-7649 -1784
-8983 -7948
195 -4285
-297 -2785
-172 4751
-7619 2263
-5475 -1731
-5188 -1328
-6214 8777
6310 3084
3972 -266
-6080 5120
8091 3786
-4199 6803
-9171 5854
4768 -6820
-2210 5785
-1047 7985
-8501 8656
-4801 5048
7127 1301
1031 -8349
-6710 5844
4044 797
8341 354
-6120 2312
-6192 1521
1153 -8102
-4694 6954
8701 -144
6528 7189
3036 -5682
2974 -8012
-7698 8194
-9357 1223
6963 7770
-3756 -2007
-6858 3256
-2443 7186
-5948 -4102
1260 1654
-8070 5069
70 3083 6967
5923 3757
9389 -4222
285 6577
8815 4603
3271 -9198
-9375 5186
-4833 5569
5869 -3343
-4466 -2418
3520 -7490
5140 4427
283 -5242
-593 -8064
409 -5525
2553 -2787
-4837 -1525
-9031 -1728
4253 1254
-5152 3067
-423 -8160
7591 3924
-9254 -3522
3213 6615
3135 -7533
-5804 376
-5023 -6944
-5198 5261
1535 4209
-9083 -8056
-7595 3470
-843 -2432
-8056 126
5840 9919
-4899 -5592
6706 8399
-31 4296
6043 715
-9227 2977
-2671 7630
5444 1526
-1995 -5858
8303 6528
-6877 -162
4457 -5960
1782 6862
-8769 -5341
-1850 -3104
8506 -6011
-3186 -2673
2119 -6480
-553 -7913
-8464 -4511
2803 -3969
-7814 -9869
-6340 -8649
5378 5386
-4507 7402
5634 -1384
-2761 90
6377 -7259
-3048 7608
-2600 5102
-5496 -374
-7188 1318
6954 8652
8559 -3600
-9262 -9905
5610 7262
-3874 7797
-8886 3507
26 -9788 2613
-1639 7614
-1754 -9303
-5148 -7944
7074 -2407
-992 4682
8714 -2169
-7094 -1660
4364 4224
-986 3015
6504 9135
7474 -9681
4744 4736
166 6261
9571 -2607
9129 9783
-9995 1210
7397 1972
1907 -4031
4028 -1019
3563 -3243
-6338 5997
4588 -3432
-1943 2672
-5488 7071
-593 -5264
6205 601
23 4670 -943
8942 4651
-1373 -3666
3780 -1590
-3661 -5011
-473 8311
6897 5496
6060 -4123
2779 -7184
3260 -1224
-8876 -6452
-9447 3796
1781 7625
-3077 6518
7550 7524
-4707 5940
-3419 -5765
591 5208
569 -5630
-2662 6909
3080 6865
8940 3697
2361 4999
9574 -4861
98 6554 7636
-7341 -9899
8190 6455
5604 9535
-2902 2121
-9196 -5378
7414 6745
4924 -8352
-2665 131
5939 5426
-8810 6568
2226 8055
9228 -4077
4136 7948
-4504 -7004
9483 -4229
-5648 -7858
-407 -3738
-7683 -4804
-483 -584
7317 322
4038 8452
787 -1039
-6180 -8158
-7188 9759
7268 -5998
6326 -507
-4222 5554
5416 -6366
3501 -5367
351 6704
4125 4704
8846 -6283
-9035 -8837
-1086 483
579 -49
-5475 -1663
-1598 5312
-8982 2223
-9126 -6170
5702 -8138
1554 5749
1355 -8948
5023 492
-1593 2244
8846 8759
-1053 2970
7183 -2207
-9593 -8132
-1044 -679
6072 -6745
9273 -9404
5313 1395
9629 6331
-2662 -9498
-6119 -3239
-7636 9156
-7491 7441
-6072 7532
1653 2336
3496 4219
4815 -7558
909 1997
235 1316
3865 -7089
-9363 -63
-113 -6370
533 -4801
8746 3883
-8471 -195
8106 -4589
6566 -5809
-1713 9075
-4648 2216
-9674 -9275
-5449 3822
4944 9366
9985 -4148
5083 220
7168 -1053
6852 -8475
8884 -3261
-1124 3138
5659 -2378
741 7189
-8853 -1154
-3680 7713
3037 4607
-9493 -7891
543 -9167
-7166 8815
8376 7778
8180 8360
-2650 6983
2300 -5482
-4070 -848
-236 -5187
9612 -7639
-8329 5270
66 2412 6179
4851 -5021
-3781 2563
-8264 -5453
3070 -6154
5090 7624
-3320 3905
5999 -1821
5805 8079
5529 2788
379 -6233
8718 -6749
3532 -2749
-7138 5893
2644 -8148
-404 -4945
8032 -5554
34 -2029
-9271 1771
2518 3799
5617 -2392
1422 -3983
-4767 1141
4196 -8963
-781 3446
7546 9598
7213 9984
-7152 4465
956 -569
357 -6401
1284 -6327
2375 3036
1840 -7591
-8994 2569
7901 7246
88 7238
-1426 -4770
-6746 3807
-9909 -8829
8565 -689
4617 9832
2629 1829
9815 9199
-3706 770
2350 -9629
8090 -2646
-2234 465
-9611 9606
6595 -4883
5896 4495
-3917 -296
5453 4657
4935 8707
-1537 5026
-6402 -2973
-1943 8215
579 -5593
3765 394
-6395 -6221
-5116 5955
-2129 -3305
-6691 5637
7160 -2581
8964 7475
6257 4859
5690 -7661
-1717 1142
25 -6783 3569
-821 -8036
7168 9928
3742 9103
506 8149
6588 -5380
-8247 -9634
-495 -8571
1959 9921
-1541 -2405
7080 9599
-3442 8275
5856 -4863
3964 -8085
3421 -4895
-7368 -9642
8674 5532
-3957 9562
9180 9786
8665 -314
7934 8973
8027 -6592
-6940 1252
-1442 5019
1172 7017
-7387 1972
100 2893 246
6191 -8250
-5791 -8173
8892 -686
-1820 -7029
1709 -6289
-986 1270
-7109 2520
3655 6298
4175 6349
4324 7583
9409 -4424
-139 4427
6748 -3123
-9240 -1280
-2788 7374
8966 -6597
9125 -3104
-4770 -8264
9931 3410
-1572 5360
-9159 7443
351 -2547
3683 -5995
-6250 -2143
-9647 -8205
-840 -6518
-2629 9021
7909 -2161
-382 -7610
-9721 6831
9764 -7034
-6046 -7392
-138 -816
-5655 3513
-3686 2773
-1127 876
3936 9224
8330 1340
-3051 -7921
-7083 -2697
-6126 2078
4506 4966
4819 2415
-3474 -1842
4805 -3195
-5012 8289
3492 -1058
-9103 -6647
-8154 -1037
-9413 1881
-4544 -540
-7244 -6887
-1317 -8915
4453 5632
-3114 7370
-3345 4481
3168 -8839
-553 1708
7297 9694
-6414 5822
-3502 -1426
4110 9991
-8764 8728
-2936 -3197
1411 -2349
-7596 6868
-9169 -1119
-6299 -486
-33 -8126
-1133 -9427
-7036 5522
5054 9854
-9597 -1779
1561 -8580
-2086 5147
7242 4413
-2559 5073
8124 2398
7521 -1092
-7079 -1068
-9720 -954
-480 -8889
7927 3221
4347 1614
5095 -3066
2187 8059
-7545 -2759
7912 -3420
5462 3193
-2000 -6624
2060 -1037
-8491 -6779
-5965 -6647
9340 -8445
5982 -7740
4208 9983
1306 -6273
-5185 2954
6948 9162
-5433 5763
