388 468 649
1283
109 258 321 553
4119 4592 4621 5135 5566 5791 5898 5968 6020 6100 6140 6284 6320 6419 6476 6548 6573 6578 6592 6717 7025 7034 7115 7214 7323 7458 7566 8094 8208 8362 8446 8621 8692 8744 8784 9553 10785
2690 4056 5165 5337 5476 5557 5794 5891 6050 6280
6748 7649 7798 8276 8597 8660 8674 8725 8846 9035 9168 9710 9883 9929 9979 9989 10022 10065 10111 10151 10163 10615 10826 10835 10971 10986 11100 11123 11444 11446 11449 11657 11845 11911 12230 12602 12738 12923
2040 2570 2797 2829 2861 3095 3211 3221 3339 3359 3459 3638 3647 3695 3726 3731 3754 3930 3980 4003 4009 4136 4151 4198 4508 4510 4595 4642 4651 4703 4721 4766 5190 5213 5294 5315 5330 5448 5472 5664 5800 5803 6013 6035 6088 6126 6138 6207 7002
1430 2593 2634 2667 2857 2932 2934 2975 3187 3349 3420 3691 3714 3715 3728 3729 3785 3793 3837 3973 4105 4123 4186 4291 4310 4369 4453 4470 4537 4566 4578 4706 4727 5112 5142 5154 5177 5194 5231 5241 5248 5273 5282 5355 5487 5517 5675 5684 5948 6059 6068 6075 6481 6500 6679
6491 9649 9821 9977 10321 10456 10677 10895 11031 11201 11378 11486 11516 11649 11698 11769 11817 12078 12326 12391 12474 12625 13656 13718 14263 14378 15304
1816 1918 2059 2394 3104 3569 3681 4000 4025 4041 4133 4224 4269 4350 4555 4578 4645 4672 4713 4713 4727 4765 4781 4850 4976 5057 5115 5124 5141 5272 5412 5481 5510 5523 5543 5578 5652 5668 6007 6134 6135 6205 6233 6254 6273 6284 6328 6381 6473 6538 6591 6733 6838 6857 6909 6996 7071 7139 7289 7317 7317 7376 7386 7398 7407 7559 7606 8062 8179 8491 8565 8589
5080 5142 5724 5769 5894 5921 6039 6060 6082 6123 6228 6306 6373 6388 6436 6441 6488 6567 6581 6675 6704 6770 6813 6825 6871 6936 7131 7179 7227 7385 7388 7390 7450 7461 7491 7514 7550 7564 7683 7699 7743 7755 7758 7800 7813 7816 7882 7926 7969 7978 7995 8047 8210 8236 8266 8298 8305 8422 8426 8436 8503 8560 8673 8789 8825 8878 8882 8884 8971 9032 9098 9099 9244 9311 9506 9545 10025 10035 10058 10064 10072 10238 10627 10731 12156
5002 5546 6102 6384 6429
985 1337 1522 1595 1649 1665 1933 2022 2063 2176 2206 2208 2310 2433 2439 2452 2485 2509 2537 2613 2649 2649 2668 2723 2779 2784 2793 2796 2798 2814 2858 2886 2950 2957 3041 3083 3146 3216 3230 3304 3314 3365 3421 3462 3467 3499 3504 3516 3527 3540 3587 3648 3649 3688 3690 3726 3731 3797 3846 3866 3893 3906 4046 4051 4091 4108 4121 4171 4192 4198 4220 4232 4236 4381 4388 4403 4404 4457 4489 4533 4542 4593 4642 4649 4730 4779 4780 4797 4811 4879 4883 4899 5001 5093 5249 5353 5372 5410 5682
8435 8486 8621 8671 8886 9547 10052 10160 10916 10975 11022 11026 11098 11199 11266 11279 11280 11352 11369 11539 12003 12004 12140 12149 12391 12423 12600 12653 12727 12783 14097 15881
2037 2543 5204 5335 5385 5456 5633 5767 5784 6201 6368 6392 6410 6413 6431 6511 6519 6527 6545 6560 6631 6657 6777 6839 6839 6862 6881 6884 6959 7044 7083 7170 7223 7291 7292 7299 7330 7378 7449 7527 7529 7554 7578 7622 7794 7906 7978 8056 8183 8201 8306 8340 8343 8367 8400 8404 8416 8559 8650 8658 8662 8719 8735 8860 8996 9117 9226 9234 9245 9394 9462 9464 9505 9549 9855 9876 9964 9970 10059 10848
2299 5443
4950 5931 6274 6569 6583 6608 6729 7265 7364 7378 7591 7705 7759 8010 8106 8111 8152 8166 8316 8395 8578 8754 8851 8890 8910 9003 9080 9109 9239 9240 9243 9251 9339 9352 9558 9632 9688 9903 10270 10316 10336 10476 10489 10591 10591 10787 10792 10931 11291 11313 11392
4230 5852 6096 6298 6912 6916 7066 7494 7815 7821 7964 7967 8521 8586 8615 9688 10443
6560
5918 6112 6536 7006 7730 7748 7755 7785 7820 7907 7937 7964 8040 8079 8151 8195 8291 8327 8360 8362 8368 8409 8427 8435 8808 9015 9025 9072 9138 9142 9217 9334 9351 9411 9436 9459 9503 9508 9568 9591 9604 9629 9793 9836 9884 9889 9925 9956 9962 9965 10023 10069 10078 10259 10263 10276 10281 10303 10306 10383 10410 10410 10457 10554 10638 10697 10720 10776 10822 10851 10866 10882 10975 11015 11025 11065 11068 11139 11222 11366 11397 11425 11483 11657 11661 11693 11705 12045 12154 12222 12597 12655 12803 12929 13102 13119 13506 13613 14463 14506
4904 5330 6224 6774 6881 6995 7151 7217 7305 7398 7435 7466 7583 7726 7801 7823 7827 7944 7965 8070 8172 8217 8307 8381 8484 8553 8599 8622 8666 8805 8806 8853 8858 8972 9109 9140 9147 9148 9315 9360 9394 9438 9518 9567 9636 9830 9984 10096 10131 10134 10221 10341 10394 10417 10492 10512 10568 10658 10887 11070 11147 11340 11376 11617 12210 12253 12437 13153 13309
123 195 225 232 254 343 374 423 443 455 498 598 617 656 713 729 732 785 945 1044 1049 1096 1235 1358 1756 1783 1795 2031 2085 2154
5264 5295 6384 6546 6817 7146 7196 7327 7542 7677 7743 7945 7956 8129 8134 8272 8324 8328 8479 8526 8602 8637 8659 8839 8918 8942 8980 9018 9054 9055 9121 9257 9275 9309 9374 9402 9417 9556 9592 9764 9773 9835 10271 10293 10381 10434 10473 10568 10788 10823 10838 10884 10904 10938 10973 11329 11410 11463 11565 11647 11824 11886 12102 12331 12655 13040
1329 1566 2276 2301 2347 2359 2927 3059 3081 4035 4143 4240 4902 5232 5515
5504 6724 6850 6972 7093 7339 7399 7809 8153 8253 8270 8293 8422 8505 8609 8874 8957 9087 9309 9510 9578 9664 10126 10204 10228 10425 10448 10554 10670
6969 7195 7258 7401 7672 7781 7799 7844 8027 8308 8361 8723 8935 8957 9217 9281 9434 9469 9502 9564 9569 9588 9615 9658 9686 9715 9768 9841 9844 9902 9907 9978 9993 9994 10019 10061 10074 10080 10092 10168 10186 10191 10317 10320 10328 10415 10439 10441 10496 10536 10545 10693 10945 10964 11120 11209 11385 11460 11482 11531 11567 11616 11703 11895 11965 12025 12065 12072 12320 12473 12530 12597 12671 12673 12738 12996 13249 13315 13355 13593 13873 13890 14240
2793 3285 3968 4040 4047 4147 4459 4463 4570 4652 4838 4866 5045 5059 5250 5271 5323 5471 5532 5534 5594 5765 6036 6072 6143 6155 6454 6482 6562 6624 6872 6909 7007 7058 7563 7566 7979 8213 8395
2788 2868 3445 3511 3648 3697 3751 4253 4405 4419 4423 4555 4809 5002 5093 5112 5235 5270 5277 5287 5419 5442 5526 5582 5610 5701 5719 5747 5767 5821 5901 5902 5916 6055 6157 6234 6286 6336 6465 6487 6497 6538 6754 6771 6779 6982 7009 7426 7534 8100 8278 8371
7952 8378 8478 8540 8580 8716 8882 9255 9280 9375 9464 9573 9603 9693 9836 9878 9931 9971 9973 10190 10441 10510 10601 10636 10649 10790 10814 10831 10898 11114 11379 11437 11443 11474 11490 11548 11614 11617 11648 11693 11860 11975 12017 12031 12192 12279 12367 12386 12516 12735 13087 13099 13334 13715 14075 14095 14698 14895 14988 15432
2687 4767 5055 5153 5235 5381 5515 5603 6279 6762 6821 7055 7076 7109 7296 7645 7806 7857 7920 8051 9197
4384 5155 5173 5194 5351 5604 5724 5832 5919 5946 6104 6116 6179 6190 6282 6391 6498 6612 6744 6871 6905 7034 7117 7145 7224 7271 7352 7489 7512 7559 7562 7626 7829 7973 7979 8149 8220 8273 8325 8348 8378 8390 8393 8396 8418 8652 8691 8727 8924 9175 9319 9328 9549 9579 9695 9761 9855 9902 9962 9969 10129 10197 10239 10471 10522 10822 10841 12633
1184 1359 1393 1549 1604 1618 1623 1718 1730 2003 2021 2064 2135 2278 2342 2412 2596 2613 2635 2643 2694 2716 2789 2853 2994 3016 3071 3107 3111 3133 3142 3217 3238 3308 3317 3342 3346 3347 3386 3463 3510 3548 3557 3578 3615 3827 3840 3845 3850 3879 3900 3906 3924 3972 4147 4154 4156 4177 4209 4246 4313 4317 4343 4419 4483 4498 4530 4542 4597 4661 4666 4679 4686 4720 4745 4905 4938 4960 4966 5023 5025 5119 5285 5397 5445 5717 5769
4963 6090 7038 7629 7648 8222 8333 8598 8627 8705 8791 8796 8829 8839 8873 9218 9297 9345 9473 9594 9686 9726 9730 9843 9891 10006 10061 10062 10069 10116 10575 10780 11361 11652 11979 12099 12425
7612 7673 8166 8764 8853 8951 9010 9088 9099 9240 9493 9506 9614 9620 9979 10219 10312 10343 10464 10580 10612 10711 10741 10841 10842 10860 10899 10903 11007 11012 11015 11235 11256 11284 11353 11361 11394 11439 11587 11602 11716 11864 11865 11880 11948 11954 12040 12050 12051 12059 12071 12256 12300 12363 12365 12381 12434 12513 12546 12603 13392 13443 13495 13543 13553 13707 14001 14324 14523 14728 14777 15415 16065 17530
6942 8249 8263 8558 9462 9562 9613 9958 10179 10236 10257 10493 11301 11451 11642 11912 11949 12099 12691 13042 13317 13780 14105 14523 14599
7051 7161 7472 8454 8625 8674 9028 9166 9462 9604 9984 9991 10018 10132 10205 10348 10601 10618 10655 10712 10794 10851 10916 10922 11014 11015 11049 11063 11248 11401 11521 11762 12114 12217 12224 12440 12742 13749 14034
4278 4612 4691 4902 5053 5386 5425 5623 5709 6108 6166 6171 6613 6622 6778 6798 6870 7038 7048 7067 7190 7225 7263 7263 7364 7413 7425 7536 7568 7646 7727 7747 8010 8059 8202 8442 8466 8791 9203
3597 3605 3752 3828 4142 4297 4497 4521 5346 5405 5474 5699 5725 5785 5793 5829 5901 6005 6047 6064 6153 6508 6561 6724 6835 7210 7499 7660 7835 7939
5451 6297 6491 6502 7001 7264 7418 7578 7710 7830 7856 8143 8525 8598 8872 9133 9445 10060 11165
6825 7144 7270 7290 7726 7889 7916 7989 8176 8299 8579 8674 8701 8925 8981 9133 9249 9270 9272 9364 9501 9555 9558 9665 9670 9676 9685 9852 9891 9921 9979 10058 10152 10160 10218 10244 10288 10437 10440 10665 10787 10814 11000 11051 11102 11126 11218 11267 11380 11428 11605 11644 11727 11895 11935 12188 12278 12373 12525 12727 12981 13097 13694
76 200 222 248 257 278 306 309 328 342 358 359 360 372 385 438 447 464 512 527 541 556 570 583 646 648 657 664 763 765 819 830 867 981 1006 1044 1064 1097 1105 1126 1136 1284 1289 1291 1313 1317 1364 1373 1486 1546 1559 1568 1614 1629 1702 1706 1726 1868 1877 1895 1911 1934 1936 1950 1986 2036
80 130 136 155 169 201 209 213 250 250 263 269 373 438 444 467 476 551 579 642 682 686 693 703 704 708 709 719 726 746 754 757 760 766 781 857 866 874 880 922 954 995 1041 1055 1067 1068 1082 1095 1140 1153 1204 1287 1303 1353 1365 1418 1448 1465 1520 1549 1596 1613 1643 1700 1727 1728 1766 1772 1783 1802 1807 1813 1815 1821 1897 1917 1934 1951 2016 2039 2079 2103 2245
1581 2576 2683 2733 3156 3430 3704 3766 4008 4367 4469 4474 4512 4513 4548 4643 4656 4699 4792 4800 4891 4911 4916 4954 4979 5154 5162 5177 5179 5248 5267 5326 5433 6126 6211 6319 6330 6418 6825 7273 7653 7872
964 1117 1234 1264 1270 1313 1342 1353 1378 1412 1433 1444 1471 1507 1590 1595 1647 1674 1691 1751 1768 1845 1870 1908 2045 2081 2131 2155 2190 2214 2234 2250 2260 2267 2316 2340 2363 2387 2422 2493 2641 2661 2689 2690 2744 2757 2844 2882 2910 2911 2923 2941 2946 3000 3056 3066 3074 3124 3231 3246 3298 3319 3426 3862 4109 4109
58 107 190 223 228 266 311 326 340 350 406 421 437 455 456 510 598 614 656 739 764 776 783 810 834 843 848 856 864 873 902 902 922 985 986 991 1011 1018 1046 1046 1058 1108 1164 1168 1206 1245 1280 1297 1323 1350 1398 1430 1470 1484 1528 1574 1577 1583 1691 1714 1737 1757 1779 1782 1812 1861 1883 1886 1902 1946 2089 2133
7308 7677 8363 8396 9484 9646 9838 10241 10502 10536 10632 11246 11358 11730 11941 12196 12373 13066 13227 13332 14176
2028 2077 2439 2633 2664 2687 2962 2981 3149 3184 3246 3263 3397 3433 3450 3534 3729 3802 3997 4015 4281 4561 4791 4826
2586 2817 3489 4042 4283 4312 4337 4428 4451 4574 5128 5294 5312 5792 5843 5851 5867 5875 6124 6126
46 253 261 268 399 648 681 682 752 778 813 841 860 934 1007 1028 1031 1062 1087 1223 1223 1262 1302 1371 1402 1418 1424 1427 1520 1644 1729 1733 1736 1812 1914 1928 2008 2067 2179 2179
4111 4403 4797 6665
3970 4274 4325 4535 4819 4857 4861 5263 5405 5512 5519 5539 5575 5752 5757 5829 5832 5870 5920 5987 6025 6043 6073 6076 6100 6146 6172 6334 6369 6373 6377 6386 6423 6469 6495 6533 6560 6604 6607 6646 6665 6686 6736 6803 6813 6950 6957 6978 6982 7106 7243 7276 7280 7422 7449 7577 7581 7595 7688 7750 7781 7841 7913 7923 7924 7992 8034 8062 8063 8082 8147 8440 8483 8696 8757 9197 9201 9210 9215 9551 9769 10961
8318 8351 8773 8814 8931 8991 9348 9687 9828 9952 9972 10021 10044 10140 10182 10276 10401 10479 10757 10768 10864 10997 11353 11355 11423 11652 11929 12052 12087 12128 12304 12715 12910 13047 13308 13459 13892 14273 14728 14778 15087
1436 1688 1942 2014 2148 2216 2266 2341 2342 2370 2487 2531 2568 2630 2713 2759 2769 2806 2809 2825 2894 2896 2897 2922 2987 3047 3094 3137 3153 3172 3213 3251 3285 3301 3314 3361 3380 3484 3494 3495 3511 3519 3526 3529 3615 3656 3677 3715 3716 3755 3791 3814 3829 3838 3839 3846 3857 3928 3943 3950 3968 4079 4096 4158 4220 4255 4262 4269 4279 4298 4333 4366 4408 4462 4499 4584 4616 4675 4700 4707 4709 4770 4788 4865 4899 4903 4919 4942 5025 5122 5186 5313 5441 5625 6018
538 540 697 835 839 990 1095 1105 1173 1183 1191 1194 1260 1295 1331 1375 1531 1531 1544 1601 1706 1713 1720 1828 2006 2015 2016 2055 2149 2154 2173 2186 2187 2236 2239 2267 2326 2327 2513 2543 2543 2563 2566 2615 2661 2674 2722 2814 2843 2846 3029 3035 3115 3171 3181 3201 3385 3523 3610 3628 3822 3925
5458 6185 6465 6689 6844 6954 7177 7482 7483 7740 7838 7852 7896 7921 8079 8142 8177 8200 8260 8290 8294 8409 8479 8506 8575 8652 8669 8717 8722 8806 8834 8857 8877 8929 8953 8984 9085 9119 9151 9159 9406 9419 9440 9545 9725 9749 9874 10039 10076 10099 10139 10198 10304 10508 10511 10563 10680 10720 10749 10803 10809 10810 10967 11534 11579 11603 12127 12234
3410 3603 3634 3760 3783 3801 3868 3968 4119 4158 4174 4352 4366 4372 4424 4468 4562 4566 4700 4713 5072 5097 5230 5345 5423 5575 5628 5872 5881 5891 5928 6083 6650 6995 7265
6990 7636 7779 7800 7833 8001 8002 8084 8140 8336 8385 8476 8514 8773 9150 9266 9889 10005 10777 11278 11864 12257
3091 3822 4176 4190 4227 4588 4683 4845 4952 4974 5039 5146 5177 5200 5579 5583 5613 5617 5703 5833 5916 5973 5974 6028 6224 6249 6265 6292 6314 6423 6480 6516 6573 6577 6579 6633 6691 6773 6798 6828 6836 6855 6882 6955 7005 7009 7073 7173 7258 7375 7383 7428 7464 7478 7707 7740 7860 8052 8064 8100 8165 8272 8277 8365 8420 8433 8449 8769 8795 8885 9108 9455 9679 10656
7792 8091 8257 8400 8546 8629 9361 9364 9532 9590 9594 9950 9973 10227 10359 10473 10595 10749 10830 11102 11151 11204 11224 11886 12096 12199 12544 12553 12781 13204 13610 13646 14218 14579 15309
4078 4369 5229 5660 5661 5971 6132 6350 6610 6679 6837 6910 6917 7064 7201 7220 7680 7815 7845 7950 7955 8699 9204
910 1399 1705 2118 2131 2234 2584 2734 2754 2762 2781 2873 3445 3451 4076
893 1437 1798 2034 2529 2700 2776 2826 2892 2906 3010 3044 3168 3219 3262 3268 3274 3312 3390 3490 3592 3635 3671 3773 3938 3953 3981 4010 4077 4083 4117 4139 4196 4207 4211 4224 4388 4403 4409 4418 4442 4468 4484 4564 4628 4655 4689 4691 4710 4713 4723 4737 4768 4771 4778 4812 4814 4816 4819 4820 4822 4893 4950 5004 5018 5044 5051 5218 5221 5237 5242 5299 5302 5395 5401 5446 5463 5470 5485 5544 5557 5593 5607 5654 5739 5746 5814 5884 5907 5937 6033 6188 6205 6311 6570 6733 7142 7766
180 695 729 954 1023 1031 1142 1148 1149 1154 1210 1265 1274 1279 1347 1357 1385 1513 1565 1596 1639 1664 1666 1693 1701 1738 1754 1758 1760 1823 1878 1888 1899 1917 1926 1931 1943 1967 1982 2016 2024 2029 2036 2041 2044 2108 2115 2137 2161 2169 2169 2233 2234 2245 2275 2345 2352 2410 2412 2425 2450 2525 2549 2588 2596 2689 2698 2699 2715 2756 2781 2812 2842 2854 2873 2961 3003 3022 3054 3058 3074 3195 3224 3234 3256 3278 3389 3467 3492 3713 3734 3866 3927 3934 4022 4070 4201
4140 4341 5211 5256 5318 5369 5515 5560 6101 6297 6388 6408 6469 6509 6537 6640 6654 6668 6685 6689 6828 6899 6918 6959 6981 7029 7106 7138 7150 7235 7259 7451 7717 7767 7828 7840 7855 7856 8014 8051 8069 8099 8201 8217 8229 8289 8306 8316 8326 8350 8362 8374 8436 8528 8545 8549 8574 8592 8595 8596 8644 8677 8723 8723 8731 8767 8917 9001 9009 9020 9167 9284 9304 9390 9390 9412 9467 9542 9573 9671 9721 9735 9810 9875 9934 9947 10451 10482 10582 10695 10979 11198 11504 12106
1830 2052 2129 2394 2424 2809 3005 3107 3139 3222 3223 3275 3299 3350 3382 3393 3440 3493 3529 3542 3665 3699 3776 3783 3895 3902 3909 4022 4026 4045 4052 4071 4075 4077 4081 4099 4106 4154 4160 4161 4205 4233 4301 4389 4406 4462 4468 4497 4532 4536 4641 4734 4746 4747 4749 4793 4799 4829 4864 4868 4874 4887 4941 4966 4986 4990 5074 5158 5168 5201 5211 5211 5238 5297 5311 5365 5384 5438 5447 5450 5480 5545 5590 5854 5914 5971 6054 6164 6315 6320 6372 6706 6755 6999 7010 7404
9685 12828 12886 16099
977 1200 1638 1763 1795 1808 1849 1958 1971 2005 2287 2345 2417 2429 2518 2525 2644 2670 2679 2723 2738 2771 2835 2851 2867 2879 2975 3047 3084 3085 3095 3109 3121 3132 3133 3139 3213 3217 3222 3249 3321 3326 3329 3382 3459 3488 3512 3550 3565 3575 3617 3626 3703 3720 3731 3753 3770 3785 3792 3882 3934 3949 3984 4014 4020 4031 4048 4077 4094 4139 4175 4196 4199 4222 4283 4324 4341 4412 4452 4508 4661 4763 4817 4846 4951 4964 5012 5041 5046 5219 5314 5326 5513 5975
42 185 194 211 260 328 330 360 394 394 408 451 484 488 598 663 667 673 678 701 712 716 791 822 858 863 873 889 912 994 1036 1078 1078 1110 1152 1229 1239 1343 1396 1396 1401 1432 1456 1493 1512 1604 1620 1647 1831 1888 1921 1960 1968 1991 2083 2098 2218 2249 2255
89 464 615
689 929 1574 1588 1677 1704 1766 2277 2404 2414 2459 2481 2506 2748 3012 3017 3240 3496 3667 3688 3783 4001
5925 6529 7164 7242 7361 7842 7895 8016 8184 8213 8402 8961 9015 9259 9462 9599 9670 9862 10236 10254 10439 10765 11148 11768 12140 13153
4973 5131 5324 5657 5727 5909 5929 6136 6227 6308 6466 6532 6633 6643 6656 6703 6984 6989 7013 7147 7152 7163 7169 7174 7177 7263 7269 7320 7322 7330 7347 7360 7396 7479 7483 7493 7504 7701 7722 7838 7869 7944 8067 8071 8075 8085 8091 8096 8096 8166 8236 8290 8292 8318 8330 8465 8495 8499 8558 8620 8721 8746 8789 8820 8972 9103 9142 9145 9148 9433 9460 9467 9499 9582 9594 9632 9686 9938 10035 10444 10511 10723 10880 11571 12247 12600
536 911 1034 1106 1128 1141 1146 1172 1238 1241 1338 1385 1393 1395 1457 1486 1519 1551 1560 1564 1610 1659 1664 1667 1739 1762 1868 1951 1988 2049 2063 2082 2086 2119 2160 2222 2252 2287 2363 2395 2396 2433 2435 2488 2507 2511 2540 2542 2558 2579 2587 2593 2671 2683 2718 2765 2776 2843 2857 2886 2888 2894 3102 3136 3181 3210 3257 3262 3307 3375 3463 3576 3618 3674 3731 3784 3906 3923 4025
7231 7395 7833 8126 8240 8372 8447 8525 8587 8891 8923 9295 9459 9545 9576 9598 9651 9717 9849 9895 9900 9920 9944 10003 10014 10173 10213 10226 10238 10461 10484 10509 10597 10597 10621 10680 10738 10777 10817 10839 10903 10975 11004 11051 11135 11142 11170 11229 11302 11354 11380 11425 11452 11485 11542 11588 11609 11740 11831 12124 12139 12210 12276 12308 12312 12367 12448 12487 12527 12578 12590 12606 12738 12906 13008 13105 13176 13223 13252 13288 13410 13697 13864 13971 14457 14581 14797 14810 15027 15057
4601 5415 5569 5634 5646 5873 6117 6365 6490 6520 6539 6699 7007 7178 7195 7218 7295 7632 7703 7735 7763 7815 7843 7876 7968 8066 8080 8103 8112 8120 8166 8215 8221 8468 8498 8559 8602 8697 8931 9000 9070 9091 9133 9173 9306 9314 9515 9844 10293 10374
1454 1559 1623 1849 2361 2371 2404 2455 2482 2550 2577 2665 2747 2804 2860 2942 2989 3051 3095 3114 3125 3145 3187 3234 3242 3250 3407 3480 3607 3671 3694 3762 3799 3827 3847 4004 4192 4249 4327 4427 4466 4536 4581 4667 4686 4724 4759 4811 4857 5539
6072
9662
4705 4872 5143 5769 5918 6308 6321 6743 7616 8345 8427 8437 8949 9110 9190 9282 9790 10419 10757 10797 11071
6044 6929 6947 7171 7213 7510 7732 7759 7901 7925 8084 8287 8381 8401 8514 8531 8539 8687 8802 8921 8976 8977 9247 9297 9303 9363 9395 9417 9449 9459 9468 9490 9543 9635 9638 9646 9655 9661 9751 9814 10010 10073 10104 10129 10129 10163 10171 10283 10287 10428 10433 10433 10446 10464 10536 10717 10773 10773 10840 10872 10980 11002 11119 11144 11195 11240 11342 11517 11702 11760 11789 11981 12051 12063 12189 12208 12586 12733 12855 12863 12868 12929 13007 13024 13031 13311 13815 14857
1679 1802 2130 2153 2538 2582 2703 2928 2954 3039 3145 3401 3499 3653 3670 3709 3862 3953 4017 4116 4254 4328 4735 4762 4872 5281
6432 6963 7607 8163 8180 8207 8444 9149 9328 9346 9526 9527 9609 9698 9727 9788 9823 9946 9971 10000 10135 10169 10299 10323 10331 10339 10353 10415 10512 10569 10606 10689 10722 10770 10795 10799 10815 10953 10993 11035 11048 11054 11084 11107 11163 11227 11295 11343 11366 11404 11406 11503 11517 11522 11551 11650 11665 11667 11794 11862 11877 11894 11904 11912 11958 12008 12028 12275 12366 12429 12628 12678 12773 12832 12871 13033 13083 13265 13286 13384 13420 13444 13561 13845 13870 14326 14801 15185 15203
4836 5382 5615 6640 6803 6971 7135 7334 7524 7541 7952 8092 8609 8654 8659 8741 8778 8934 9405 9620 9760 11942
4747 5407 5800 5929 5946 6030 6147 6340 6619 6837 6944 7005 7032 7055 7113 7223 7316 7321 7409 7579 7587 7643 7677 7746 7749 7875 7936 7943 7973 8047 8105 8145 8489 8508 8549 8627 8676 8784 8837 8998 9062 9078 9416 9545 9549 9573 9835 9866 10032 10059 10220 10282 10421 10853 11651
1186 1225 1518 1521 1622 1744 1857 1881 2010 2138 2240 2278 2365 2371 2417 2524 2526 2533 2589 2675 2713 2721 2823 2824 2834 2846 2863 2895 2978 2994 3028 3034 3112 3131 3188 3208 3241 3251 3318 3331 3418 3458 3459 3462 3704 3815 3838 3840 3845 3860 3965 4031 4180 4265 4285 4330 4360 4377 4393 4452 4580 4614 4623 4749 4799 4864 4919 5004
1334 1382 1725 1879 2067 2126 2128 2262 2407 2470 2487 2626 2833 2882 2916 2916 2953 3004 3023 3030 3048 3073 3176 3196 3199 3203 3239 3263 3378 3508 3522 3554 3573 3676 3686 3722 3757 3766 3799 3800 3804 3861 3885 3895 3917 4022 4034 4055 4087 4102 4107 4167 4183 4190 4197 4221 4237 4247 4310 4335 4495 4601 4618 4625 4709 4931 4972 5068 5174 5176 5383 5486 5684 5974
7355 8030 9264 11014 11421
7532 7868 8232 8433 8462 9291 9428 9471 9666 9779 9791 10005 10325 10465 10981 11456 12122
675 714 726 758 763 817 852 885 1020 1206 1206 1304 1362 1367 1391 1418 1456 1470 1474 1474 1491 1497 1518 1549 1590 1609 1610 1674 1707 1720 1759 1798 1865 1925 1931 1940 1967 1996 2020 2035 2042 2047 2049 2055 2088 2095 2106 2106 2120 2135 2138 2186 2229 2236 2259 2277 2323 2331 2341 2375 2380 2407 2408 2489 2494 2502 2524 2550 2562 2573 2590 2645 2681 2757 2836 2916 2960 2977 3079 3123 3143 3173 3219 3248 3285 3303 3403 3648 3649 3664 3757 3869 3875
3960 11501 12453 13140
4914 5063 6452 6686 6780 6899 7307 9017 9560 10312
2275 2496 2515 3061 3099 3120 3228 3229 3315 3505 3591 3669 3721 3756 3913 3942 4079 4340 4392 4415 4608 4612 4727 4778 4920 5261 5372 5497 5613 5744 5744 5755 6289 6414 6642 6967 7249
1769 2421 2845 2878 2949 3111 3430 3543 3628 3680 3688 3765 3778 3929 4008 4065 4093 4153 4159 4167 4282 4378 4388 4440 4545 4549 4557 4577 4744 4764 4781 4862 4871 4978 5036 5060 5118 5192 5231 5358 5378 5434 5438 5446 5465 5654 5680 5865 5878 6197 6244 6435 6560 6639 6675 6749 6777 6880 7723
3792 3974 4228 4233 4532 4719 4803 4927 5020 5292 5297 5395 5475 5518 5729 5782 5801 5803 5927 5972 5989 6065 6085 6129 6138 6187 6271 6271 6319 6361 6364 6391 6417 6565 6712 6730 6757 6764 6940 6966 7109 7133 7154 7229 7344 7389 7404 7423 7478 7534 7564 7704 7712 7772 7837 7849 8135 8138 8282 8306 8519 8524 8631 9398 9495 9589 9794
2232 2679 2714 2963 2966 3084 3332 3346 3375 3377 3618 3691 3739 3755 4037 4091 4357 4397 4437 4487 4712 4962
5800 6436 6634 7087 7113 7141 7143 7305 7738 7742 7902 7911 7943 8071 8245 8329 8339 8368 8637 8641 8825 9186 9242 9382 9548 9563 9622 9650 9706 9741 9880 10179 10339 10451 10700 10769 11153 11431 11584 12152
5711 6887 6910 6953 6975 6992 7185 7392 7504 7520 7811 7830 7838 7844 7994 8020 8041 8082 8111 8121 8155 8236 8333 8352 8406 8486 8494 8525 8622 8656 8763 8795 8843 8849 8895 8905 8931 8957 9006 9068 9121 9158 9177 9178 9244 9252 9299 9322 9324 9341 9359 9518 9712 9736 9823 9843 9867 9873 9923 9975 10072 10158 10169 10179 10239 10309 10309 10367 10580 10760 10855 10919 11000 11036 11085 11284 11308 11371 11741 12144 12203 12216 12986 13049
123 221 260 313 377 467 532 558 658 662 689 721 758 760 778 792 872 939 949 951 960 1006 1012 1026 1028 1084 1103 1114 1120 1123 1147 1194 1224 1251 1276 1297 1299 1387 1453 1478 1513 1578 1584 1736 1758 1759 1793 1854 1859 1888 1919 1984 1986 1999 2036 2077 2185 2253
1794 1983 2110 2120 2250 2276 2385 2392 2406 2539 2539 2549 2608 2732 2733 2765 3015 3051 3062 3078 3211 3255 3256 3284 3387 3421 3451 3505 3508 3563 3592 3600 3608 3613 3781 3793 3864 3907 3915 3965 4012 4086 4101 4164 4262 4506 4565 4680 4683 4943 5127 5236
6594 7657 7896 7951 8193 8738 8843 8862 9036 9510 9676 10061 10075 10264 10313 10397 10452 10466 10477 10503 10513 10575 10739 10791 10877 10907 11079 11092 11126 11153 11262 11271 11291 11591 11707 11754 11847 11980 12137 12139 12229 12265 12397 12410 12593 12770 12799 13068 13195 13334 13900 14081 14270 15257 15822 17929
