2 3 5 1 10
4 6 9 5 20
4 4 8 10 20
2 4 8 8 8
2 4 8 16 1000000000000000000
999999989 993066779 991217923 1 1000000000000000000
999999991 791044769 761194023 1 1000000000000000000
185185185 259259259 506172839 1 1000000000000000000
1 2 3 1 1000000000000000000
2 2 3 1 1000000000000000000
3 2 3 1 1000000000000000000
3 3 3 1 1000000000000000000
3 3 3 3 1000000000000000000
1 1 1 1 1000000000000000000
83627324 56240 261319080 2776389380653323361 7414374049884564666
41532106 12627714 432144132 7550710866323442372 8455027509958554084
4262570 355060 4538809 1651781647124649622 6461836196202168178
28852064 860258600 2141200 1525857477363609565 4722079439069813037
147057660 374282172 183150 1532688825479530064 6356707250177762512
117537765 1778850 5479295 3408092468851939104 8573983072798045043
125498501 26999 93225894 7806052240660095100 8060244266013893650
570641904 281586056 1091925 432362132350649471 6977519091683192044
502643405 761469200 52 4275439978441333787 4840126761259377570
209210531 838994145 660 1778868792821191232 4777102388108635440
59985435 6190453 966167528 3002396467213565325 6246888611055990929
89806185 2968 738895955 635146067474755695 5981907761853232071
231719292 88972268 957527868 5897896440509249398 8915420678014362284
14746074 9257655 3416504 645936709888330948 6731446147643668410
90162270 33935890 4368156 2030090531877766674 3912880288398724809
138796671 26326454 635106081 2124383488366191176 8689401576174348746
468544712 4509764 1433 4485244537122155272 9086310739497231690
48116 531700306 116198 1031980579651324874 4465784257388511623
146914408 10342596 230766470 4560194712439813373 8698583618222632377
248651100 12402400 11614260 1309436187900365993 3251493627235636602
135308250 39676220 2195 8785297926332411387 9114488047515181741
196040 81849966 61022728 877326048356303610 7043909197052288279
489097950 320869830 11299350 868204103577420677 5438497552804223365
3017616 4734839 6720252 2425905699673500811 6225976305588569583
9100316 102873200 80618725 2165532619333591635 2416166554319540533
30 589246096 307795623 189393609778783411 8525411793873018176
366562483 13933145 7774865 3258553616098381100 7550642430623475410
246147297 941226114 85772250 3198004556813640622 7433993348948256474
6831 100380480 9525891 6036174529946503195 6351833102603684378
3986319 30646632 7550 5081561968327208662 5324200620830505707
178700552 486593001 375948 2127622886119619728 9124114101097143113
7372365 171474303 23093553 4162730255688986340 7369768996021572196
7692154 719407700 142125 1461364404936713463 1577085089702632347
136197663 20819330 331344930 3832989999147738454 4343717834715627281
104877331 172565872 75744 944063158494140340 3029884096770680080
8834859 273468399 9733 1445571232461558130 8842652828277841614
120714 291685588 33856383 3115211756314253386 6072871586992705748
402720162 21607580 415345645 1505469203556780046 7958492602262415799
6102810 33465509 496507319 6372069032605533426 9189753730002946989
8749275 33813000 17649333 3195446940986903224 7616092029332341634
568891807 18953 772226201 3392260626567551140 7578489846337770324
683375 8308520 422432956 3165197166322196641 8506873988289315465
2401450 33845 315478772 2753468638287437475 6064139096068098259
13968150 766804 805857325 1730883800072668351 2895828135371885699
142929600 286176 142384365 1363806460407880632 1385841735469371564
69889878 167811642 115782658 1946423230986163567 6388963413300164965
1929 25718256 325700899 672231696215916597 7203151405705485311
31423276 71684439 486266096 5553900738697137733 7636564337695184987
13572 45291443 43849468 2045093246459846738 5909932705074740146
277716900 34881750 938220174 4614039236584468231 9103278881092489887
642291420 69994980 17321300 689107999316437309 4190265835361132149
64863306 17607 1521535 388935317407616860 7240507192166755915
611472212 26974998 650141829 489599716818019915 7726851163523678676
273071886 6216 38158330 2318224243286676588 4128115990730316813
398426 935578 332625888 1291478036706299009 2224645402922152229
88663806 24837540 37418901 217876958341855229 4018838090871811362
691884165 88042 8899 5479149775679138760 6517413586475627411
24343470 4248540 426698280 1738585306115911387 3345253646288625622
18551625 26890822 59130 4496999795311423393 6836482359616681200
18043000 665720 4932006 7349989319018013912 8081515699274531460
338486800 968823200 457 1497584265577216262 6041808381718153280
263670246 2422398 1415415 3758397540545428080 9047920039975493014
3814292 812006 1004472 2906952149038606966 9146999839775643984
66622048 14112236 10444263 3123546480579815972 6376609954368054912
958698 11943594 34316248 2531383535646350153 4730577223638383695
5138281 790573981 220756642 1061905654787853786 3199166663670371341
339696 289565220 48974268 3553594801533405574 3726459386154135448
989302776 89936616 645676562 3474446449432199944 8141730765532854072
201207 757881547 392134 1094475309738347517 7362228135765016009
967105088 4875004 16519336 4412778041624244810 7794264765516385207
622473720 133710 52556625 2938549818004625960 3000777089054837809
20564490 1596965 23442696 4708307156042492228 8362660694497041701
229625080 839937 642487790 3184821059327292398 6648631161818013103
165706854 604656 115910431 195369475674663517 6143593152450587039
302967540 269663112 50482620 3755770402753154964 8879940677015737038
120155724 327418 24498403 7669947541845856231 8928584138306766452
683128832 4178601 5421504 6582333140929363752 7040332316535994710
292721 6346 717155102 6551000442117367363 6766278764460670131
47253753 68931 550870107 30466705152424139 459851994987576281
79890525 30654 280338949 4335871959371682308 8885733707741286099
108251950 196700 76850655 1566255544334561680 7732156733756734685
113240720 70612144 76389440 245174147685182755 8808612533007219588
43148633 87386 823185 1536183999971421351 5428134073919632091
1285546 35428767 81136823 752400812227734180 7589049500538489330
13866815 362494858 551648834 1362688404106930156 2483939491041589320
131438874 129136 101654560 1558349491395784056 4166943770773556314
214335 26441295 19029252 1254208871449528408 5448855672564030342
910708790 139224 259344 715015678667763918 7641613552904025764
163479210 858338839 2590 424357358927076613 3078869768041413009
279743122 1111179 449436 8243092329998702422 8611740468802378516
7922167 846080560 42491623 693803958098340087 834098577815972678
856098432 1979520 4357227 461139986520678790 8891844547572154516
32648772 2327220 2035420 371591682853097823 8047311359569341879
5128 565570 408469399 2200000445796509711 6590946193173894139
339 349603542 756723138 1600760675216997130 5884505037030483644
894416600 2970275 1911272 6499434767568404279 8895710395928986160
36140712 15512 86138976 7045728701056940866 8009671792865061596
626336805 9842255 12785537 5540129779152923326 6754312117974935406
13669678 35797813 493365444 2011248960672139237 2092413447009973752
489512785 113470 378581308 3808130665763870543 6171876852786273339
474261359 7265511 174229803 4346057990685608680 7306365044011816615
196102296 521257932 61283528 4490079637431558237 6358441840786177424
928588427 148487638 671703 7676146347818741221 8537007668296042450
321725 92548425 422647659 1232857840717388222 5173777193081714671
63464 782917106 25450 817274641388462721 5174674298735972060
1460256 12834845 89227689 488863315866577852 2093704276585404953
97172588 56515766 73221598 6111719710481780496 8593764492433999225
28788921 53888058 182706 225920979862483112 3033778439019363362
774511750 27054178 89420275 6561324968970846849 6878184473969375418
4547367 880629489 114742 112330643410527772 1002832546519446026
603767240 2158000 54203150 4922960154357825534 8866459050346966170
502020 1198550 54764025 2013786243914645709 7724232543761169148
736864560 48799410 46823904 513804774633425453 3399851739235680244
954302796 32479496 977724 3581490044402730699 5183675186701945198
8398213 3182040 1657740 1917007584134619697 4633330068541486586
292452 6112902 38734812 1645417974309276731 8961679838327490150
17416770 26942811 46918 1230782365118831886 7779092459799615986
63266228 15075940 153279819 2415484747320085004 8250134074641140580
39644792 1748912 87879936 8609365382276287938 9076693734231252223
6817984 126799592 38194048 3559327989933623058 4928585649454188052
94303343 149490360 270543186 2043306860206528093 6257317058807172104
4962544 45751392 66561264 700245953471208518 7392509892662522797
785007694 96460287 54 1148077566189502353 1181624665607691254
689707980 2682800 91107250 2887543739972641993 7053335004731116869
13394486 688 108613829 199224740369353133 4978120193845536137
403376 3112928 107900640 2813086417808408491 3143107369081806774
20520722 98452 99795676 1555080620927626837 4584607316262570196
2166565 933660009 23868833 1050527261533749468 2232952905942075070
18407685 23331327 56630355 5119619473411743348 5647000067016530256
40490100 1207700 34792641 2242606321293986926 5980803885605611186
414462318 115351972 10301317 608515859040690053 715594884860420795
203040 307177192 18551008 4386158790221760119 5477024732903644379
27962961 781931816 91647222 8649278319321150 473263911128314318
348968146 1313930 92199110 3570761021060768098 7990542413232554992
5247346 53243208 28366722 652600422824961609 8768729051556338934
462 536635418 511841232 3323952648822448066 6090013432091593803
12749485 2044650 4192405 5837840026361190145 5990222845749078833
1468539 576319972 100939488 5590779061262150283 6713116430560934783
433297868 61677 150133566 3516638260615595041 4171087231638906800
34017975 30907485 33087400 864645526010816494 8939956248410630209
7830 1513384 256467442 3711527060293091903 8138019707188398064
132613052 33044716 140338484 2700084813911012439 4596629723798169383
54964702 57579210 92951478 1304626552511304321 3605261314899658234
847087700 298130034 932866200 4534386014146489376 4745991068584358925
1981150 1039290 639881935 1062994176324016178 6729288183904910543
72216 572769096 170954904 873454037524025157 7441271698257540927
392206500 98791500 6012720 1825674004631983525 2208686285091102188
66200805 168575047 663 2850521614095055938 8336003674412281309
19316732 251593335 2463488 5730373103809303374 7738714981157067163
646156672 393415192 22165332 2459668409304099776 6979158320531170947
15829882 13138850 19800600 2856393432608082525 5479639591583920273
1560695 13698120 12194820 755898429824727241 6695429321775247293
12242972 177478 87368498 5370067309129124049 7097402033997605415
651754 173163646 5926 1211297443202780887 4250631972820105545
50194962 15238843 5805531 6543426730799140049 7452495942076494034
135880 289032 457923568 1166754049594559285 7588666025833066497
2402050 96898982 60025 1526646891431556987 3136125469391685285
224495670 24641445 149917530 2079391549951499845 8915763003982452617
117200610 26029800 88857 4605087175746225294 7301369547271286189
341436150 6556725 7523621 4829501224868406597 6019443747526317583
46562949 759025302 1838907 2877728577688589740 9006981833221268704
783090504 252769536 568704 530643839312241435 5199321681493653389
2393000 10894088 9707760 5316507192005058038 6895546663789659909
397080 2768406 4200569 3473570192182814935 4689878730876069857
20604500 895128500 981658895 1101148304140074791 5981292715559919515
173293668 16741800 65479040 5988076821372190925 7972640758997793575
600819875 70220 790724558 1075360504185886562 1699563641463741211
127458 86772408 18151419 1748243625013130142 8612165681456873181
101051349 122841840 455721770 1471910540252448660 7275805204880843179
1898022 34733010 12117012 3660097700014757927 6428828465281100418
70183227 210980838 39652427 4797040243981360968 6962596612087189532
40817 10900060 40096292 2313541798858535363 9119870751979017477
148588246 102756959 1908230 486641674048104328 5213688896123527003
28800 765225168 516422592 3235663382671420857 8815098775490989013
599982920 25080000 485408 2824800006011923800 8577573933617094104
11018328 12891424 29796432 6236743883206336123 7756792873021360617
50143174 135377839 47833094 1568682048768604600 4641495099187186911
86003631 439025904 3582 7349109445037603042 7365149843866427714
8121743 99849600 255791550 2747073691125427425 4373667562226996388
167003043 204550222 8865 1666679668983738368 9040981112082259736
573166030 625311029 761575 4980821462050918142 7645504689725073702
20028 264019110 572032729 2806546996644872060 2906825487319010034
9690 13636624 127357040 2642978819536515886 6981741530724341495
380581641 5403574 16858380 2974471174790798281 5321274591358412595
12190054 6611365 610794540 2237165174215765307 4961493889095684307
420000 131673220 784782250 6234612291743659472 7548250184705753467
665577220 233898721 28712605 3953935462890911983 6341696835012999565
536465484 2155794 7016882 1651859109423428012 1799386241318049372
98867598 310846431 569813055 1873224936834216942 7289190965396011370
1742056 140018390 1115284 2722387887367810508 3772897072584481479
118608435 2954988 76118922 7384995550911056541 8978085525149860041
109495022 97552 78757928 661484970252802052 757453986531108790
653045507 211485568 54284 124747629540166019 3274343490747792772
8541874 555027 30795061 4271096268620900006 7276617322377222645
60300 100526733 123427646 3410545885100400197 4282260755384893046
307113633 1488186 9279333 5994326061016972273 6122610080356090087
123814899 154322610 912717 1313877539257176014 4539824942532911976
13 106219884 42137185 4760522140695978577 5250651281481038318
604961786 1829035 190259895 2043027635255395621 5110383712436787610
145958770 6146352 547899120 1481165568044717213 3791102088342695298
1089900 51605159 35642844 4542495603338720908 4757934742422192722
541200 966505546 42866 2432227956459694209 5681493245916770834
49144376 59222632 2523841 3050968625422663262 5421468252313945180
1113 352675233 356656928 6852618716058104071 7307793541680002043
533085560 4446981 17297070 2675840800726634930 4369781983021016520
147849680 1429010 895014363 161056953878742609 2508200891765269348
53232304 681445932 26229660 6748965428802324062 6760273236600491811
10796612 550851 63421302 1236160117123266263 5319317988176958170
388989222 336580685 9875 2037803801528727827 4966771623493792153
61470275 11520 557202816 712666362873689063 1036058295075236064
21513571 232055 49065 2805484848808769954 7667212341337775173
15590970 4786032 91020 2278870187017837058 6012725617586122441
682074102 86797560 114806079 2066110287615441017 8443011082371412700
256911380 148529469 94553 1635485686575612078 2389783395237716635
17861142 20904048 72717216 1477796263468264284 1748907553682095800
961614330 46177068 51441075 4204130679057060839 5679705773958354988
19274889 4525830 102760 1139863180284222011 7895150013523753773
315330 883906320 15536818 2911189234210883424 8083393769365780273
80577535 25497892 4369264 3269153264652742665 3758426474056783368
16513204 11802341 163572720 1860008946998915221 8396930793752201039
33123645 112075977 8503704 1779624062576882843 7953669437510766285
226828658 6582528 711458379 3423511735028465016 7203597142813931929
225546646 130884 99157 6167291349237417270 7740764895685794018
919830684 2160 55551070 4024856410272787257 6667982734155397153
924618035 1163580 275288475 2601171277648912820 4371316586507703867
300037779 4493 3306056 5039391922562727581 6650028181762321608
53065166 939680 3943020 5751852044401818598 7770314002389688872
205448532 106696200 161033964 1698474174291547342 7779000827492690368
4114 11469708 7150469 5360849999865491031 6637961155552600119
91820 10945125 2656955 7786076120664011451 7944948079461193824
238205968 164528 7417271 2584680412647053969 7907624298285343885
20136723 11884160 906480 3120121230118915285 7961845367895819495
23524825 47530 8200410 994525459952249326 1765733226161643851
360295 27272224 75551504 4838937043753714959 6166972186321903966
2319406 29424122 769519387 1417225456337431538 4459273635680374526
48596670 193465314 253285116 1004288839263125714 3110285137483996055
438302487 59400900 8059974 2099973115803608212 5688744976311447312
1095453 28904652 92474352 2847019607245149758 6903222300145549273
68728336 33280 636942904 1956906006888081955 3664580811792548307
443193696 25596420 119736708 4602042145599697557 9155067421061981719
66102880 979194108 1230 2428796496749310668 2537571984859027738
3445 79916810 558921740 3258661615351894648 7741803741517113411
900725616 156645600 26126100 1457147283491311709 7441856914922512252
489126912 3199413 6489216 383093783870531783 3038617519948288021
198917136 313902252 118380906 1277741280634695998 4527566144773889780
29530134 436602000 1539 6235604772776782161 7284360101981593693
7855 236013273 6241155 1365185376695037455 7176128973704281470
155925 1775163 555415003 135865758397803198 2643576898489818240
221152330 1785827 783660 1639354190427176265 3035948020750065055
32884 7106154 5878613 897843760961391025 1486598446504678586
15 674906735 413983921 6276989116480701669 7121860077922716258
142147 897968556 20070463 5505618204222622486 6782145030138063203
705558560 927390330 102054006 792774021476210585 4768121809585832374
286122032 73472 72927372 7444702874503504862 7544437150230023719
6548394 505097285 77979 1098901846147433219 6320178027960146857
793344 6000038 39991872 297936862667411686 2890711095026281622
274001634 359154916 17319876 1770043082495690750 6514327944214536032
96018597 495000 184866540 799164776960614505 5290698595263760390
35045452 14498804 464882 5992271220229134874 8555102432011443648
15223635 52738404 29483496 3292540771960805208 7433851039589971318
5177367 721205185 2658851 1182476508505820234 6812993334342249822
127400 43335040 161043280 1169423889600870179 6778768359387516775
624054886 62275466 56247919 4549829552354110365 5668293902289853580
15066555 1165235 868549002 3476614036937382464 3629724092377791171
43351182 347355450 686504 2725799959592953227 3011892083568137640
43172265 29096605 531538660 181052305748867677 2131964091367660453
313929441 317890839 443376567 6252877709547760070 8402036639820211722
161397352 27986 13233248 2932936852477763171 6900374433298035125
1754621 1443618 830898805 2702214254087574722 7710550436943734873
92729156 27127436 4608 676740209585899685 9200336776054120182
846469 119803152 42952156 359269182914650679 1921183057025841671
59019840 6862142 8523168 5048816981996759191 8904982973956202987
45300200 776944149 1152447 1034449544298274237 4084086830571081939
484341 943512570 743618876 6919286173199924194 7870292839195510608
162369155 34644220 299468 4455897098945686427 6147269856942241064
420132824 76532 51777813 3855952410150896165 7597020968921040131
784092 58825 700732502 439671134207636046 8140914715456523075
116291 388294 21076853 20804349590419152 4738509030614324893
101717733 662484420 1907672 4537645584497316597 7393195667553811929
67382896 501739776 61737312 4557586672789585447 7144988050206304142
350260 74182009 6604642 6597259130928554934 9166324056443749771
3657892 8451800 118790350 4643628970597325868 6654718085531488125
773444668 5960 417128485 2029352544307851759 4225759558109214044
518604975 21088620 1449963 7246762066720798579 7991792103699647233
1186912 243930841 167162728 7415852945486753398 8045246023197455564
109498752 861728858 608 2059493175459633744 7833201699598854105
892721028 62168 104316786 5054089306019125451 5591477047385281974
13220523 36827840 33727584 100362280888647156 4308187641982698870
374255525 7479042 749525735 1654643540858336136 7999813614273785879
18568 109526152 18055984 3787968701400674260 5154140211388274534
6657480 87588015 11222455 2593611545635150880 3808308963104665653
97717248 48798 9673048 4122088991439786647 4214052468525977684
351621 70984032 78455052 865153499363430613 1615005134899195927
282498685 2204600 1236948 464857877192012870 5490064136852363986
33470812 532488282 740626 4655621467000878605 5671291330201214918
68821932 2439324 258597702 2124127043949055644 4525803229635627195
9266348 7854990 169490412 1763730165268869378 8452390593149074423
24517350 129962910 35299407 1467792719114139446 2301419387247702668
772485714 40276440 100673280 1417289799335918140 8923472009396410037
509046327 856961940 24 107783181117303423 6403460159697400266
3719 28194875 2638543 8732048763259228258 8907969818499937598
465624 45315702 8389284 7327259575848704560 7647604994221251170
273956795 192969840 119694200 1020359501597390405 6939699071532067293
408583265 46258016 14754712 1200050616298399649 5819540455194167596
395346770 4950842 77277240 2121892921221770638 7204545651800040694
3424477 3155211 75638900 35944991296006272 261868547157423495
1360248 39281400 987688058 4055076551013913774 6611313947213794482
631383230 386645400 569657556 3594609371076969627 8696360174740124749
5794653 462151 661236561 4192416063963140909 7027859229871591022
448778251 12628659 1727330 220489988292886062 4138493181935031777
1589707 21269740 19202806 8137248192662386051 8722199545342742454
562419513 435428776 174336 3446530622107381683 6133446540007704068
441248 36182519 57755 1526692416386869406 7549848386103902774
1677291 309919830 26623066 5397175095400523195 6988437721609919984
33186503 41633790 356390 4369304655961861904 7202936318042726898
945466649 392877687 3743 7625022152251513884 8796044069885848857
279642 712425444 934092060 5849285144112574939 8946492492164458015
41457268 38198800 224510750 3605896525664786890 3691262451628820903
286671 987731368 39111072 2033712708760156334 8834660295478028455
8132995 78692250 5670070 2130652732711739181 7670764494276845722
771534945 34290442 40767478 1121860381556408348 4863499052652853664
323983562 294249303 393387061 3511234272580289403 6243377788635313888
3057110 92548646 263869697 5913039081377334170 5970422515402697936
8568335 578636070 175403772 4810971733178064532 6862414547606595317
26064 1734731 28432958 1773399829556096459 3869645065956120306
192184242 284398 367565634 502013828353468072 4921479498158806048
67459038 30267 4168623 2855800312334144584 3717575503094518870
6230700 56659860 199888596 2305044448946696920 4552847353690107771
323043 2768457 9891687 668563793715418087 2764709757163506067
164993098 13567323 80507 5302766656468287833 8597448747271509305
204766416 872370 11412240 4385824792325701378 5847915123549852931
115807120 552390696 267191232 254805879459457619 3510552774225706860
3019344 21255376 271592859 4056856354099049561 7027359863608580615
20086652 226 2283896 3414984323412373864 3894984508652650253
35536644 44492844 4740727 519346470976515807 4800055521078974393
152543790 35006580 428539055 1927480602530885923 7413940321665830617
1451637 3668599 12436400 7559564067015683376 8869914042546673350
24809814 282960 16765827 5507374324686757339 6019772622318192784
10773900 81185652 340848900 97766876216989592 1200170709111524028
5641020 281904014 88837830 1245886747209869226 8599423885077107903
769410792 26155404 64 4468236484706162819 6787795338774649989
663961598 6030546 11968 4316507797648209455 8967825398884565751
133550043 23377596 12189930 1040444603706863921 6865686626470143835
2396888 785276154 133357198 1497455644025880162 8928291552175736088
43038 371876584 5070438 3219891661763404190 3903313826417632997
530767550 605851740 533942016 2519150392299302804 2974083375076447006
16236 879307704 227829177 7155801472750608520 8703138060977129092
123637404 3109 6056385 268586769794145980 4526082794752820760
133254926 199963442 493570 1964649995305186261 3607600776282239935
772320 5632198 40194825 2010416755605181653 5126474470214344200
10027125 306016 9727320 1375988413484935300 8817958576418391657
321486802 99204 1601044 500815202023772887 3950460825343254487
2583084 5211041 387830212 4443119103709879655 5245348131398544152
748 184146389 762604717 5016512397516424203 5646687203570855821
67851150 603130303 1360 1968863264939187059 6017347762047464163
25351920 719505842 453306414 3683828557023657694 4367991776366837068
83597238 7603776 39176 135642159603964887 5569544765357967118
4650990 129452555 86183917 1094189512494577936 9006152986377436308
6881106 29677428 138381903 4489077734738321673 4738290624304401058
118940450 1024070 338034895 957221753264847782 4594164447405118569
1494080 24742638 13458600 2499217827209284376 8533304568961717123
1851923 578788128 974415456 3392922985153691046 5712005030748465042
229685016 8187641 130874280 565976081978884862 1577925507045058058
893300280 2272592 634704 4007053582219008319 7603604465420298995
315408084 48874840 9403088 1410142908303981247 3065977208604859361
44953335 919386 613812906 3005889338593863825 6516136277066039586
200133266 41142 323804 808082069601431972 8035126181603937768
27552850 331602870 184184 1387777796781655663 2251679139128470190
6572438 254310410 78912 408279540885286193 6748473831090748891
1863 130507623 12991784 1818562277793549467 2489777330465935829
40781615 3004 55802500 4962455700284048277 5527693688186796052
1156534 1139952 3224764 4714326022060585093 5953731587761080915
1178554 998686 46329660 5892715698263421032 6099310013813913005
956370825 605949225 150 864403820087222302 2844884899396290810
84456999 2075841 15723774 936528828640635463 2772444784089553016
833184 85407712 6583554 6871148806482528324 8360460149963462602
735380555 31096 18578848 760738251383047923 2397936654680963359
47411952 30150647 18288 895803998722609213 3255987816937008625
673436826 364589667 433282740 7845740666626519641 8900408671311727617
9010 3627705 602518964 1103472416579965912 4331821138737790226
10590 21935773 56906567 5878982555337772253 7377253771171924053
118527058 941809596 127410660 3384099229219692510 5960530310923367752
458495300 275403265 95692880 4857755315802031932 5757396954352445232
469874882 563103909 21708336 1442097969972327507 3980830538725290862
161574 155017212 3413836 877546367461855958 5054356761214312705
659654436 140133560 19786 3874582620278053951 6300665407046522288
201096 59855292 280919180 2505447816578226487 6375858802328202852
122780205 303 513041181 335891140267799891 3611070079956034214
47830156 38641504 765212574 2812257172040520733 3619922073298854332
67289742 56337606 21983 1766597242466516631 4113873545811032468
26900272 324358678 958134 1078379247090170755 2819054831363080745
773230881 1720 4580584 7797242219407816830 9142442340716944647
169164 603701572 805558968 2129516319170937045 8135630560941313461
391612 874590978 15952868 4258234807999535446 6086079296118039226
9163674 420525 521210900 193528276921513452 7123444722460941197
153112680 10821920 211103442 2859620204548943078 4140901157693161409
22182580 194840975 5435421 5222388042438851104 8908175937682042348
292458 360953532 568644 4646217763975063676 7037138029273789170
2627703 2415744 48578652 2960771109856112538 7575342663134872385
1619946 69275142 452457 653613384750270047 3644278737902213105
205477362 747144144 1773600 1605534109996346255 7104864425498680664
993536232 352893 5640156 7139262871341149009 9090888642187983105
557910639 59379606 34229052 659075816730379615 1613479367615955973
609651231 7504087 1931934 1056649345604164510 6412363893706353364
6421563 10571460 104776032 1740508857001725686 8279093737407272368
183929600 23410168 68846 703319602507302547 5985447702386938875
463764352 31081185 178227504 784275799076713230 3364912134966925942
7916629 18816 627672432 4118587796222669096 6374777250595083974
65081869 12795038 17806048 8005833751966208842 9128595983363431990
299138679 18411 630406994 17466973004185372 3906303355943827674
582114816 715618944 48782 1886959626879074665 9157012365689042694
13905 17390232 415963532 1803570024921047861 6783188375001724677
23590425 90800451 2127856 916135145868869169 5165253511699838587
372947 6904861 841954585 6010948115587306177 8989435259055625556
491225660 716872410 50675724 5865013270694409788 8270254514914655019
8942886 1582605 714426075 21861249116892692 7997282178145193036
282496656 12717432 57587036 6602792314169770592 7653871587215152657
245397735 117036180 29199312 1949262360341642735 8289372628514455235
1518902 81148067 150306484 4051478640742322387 5703339276268525577
386411355 977629460 41010860 6858841731141669985 8415267399952316227
315116 311228 125052350 7310480737295509158 8860359602233934855
95670 710589240 20174940 3607537542073819634 8198663845062812889
297211125 1802100 167260 5561166909319160434 6148540186657821093
43032240 72969039 40882752 228106911391812130 884483225684887371
600301732 8484612 223686924 2989397281605707803 6278762450268671290
178396848 904813280 33564951 115963265465952215 3973443845601822998
79462351 63312 5002833 549672432400111832 4265214843277798549
142160858 6480508 4520691 5997285170762020356 9149197628511747207
105 685396215 31417738 5772803195931561624 7380099868898550227
662832 702127811 978764787 5602044768246201244 7591498285055912584
300302365 12695089 4602546 6383685009531483504 6579270860782100657
205160828 592977030 136357340 4030506255253340940 4182189778456891249
158983832 24272304 809312 3343169155675399853 5877844733543191543
81161787 229798572 86584876 2296208625695490949 6402014377122566324
94392 204444045 34592690 3657518843743337174 6038511873052954186
22570590 93801918 70775 6669952771513100750 6692987869247206782
966521120 195454272 38615616 5506486729142076832 8044191805411588471
663587764 6629168 905723273 974058148732138308 2944533407108611814
23772104 78 818495265 1119603771800619385 5392546645984681883
262 411881632 27865699 1520089334165090835 2193504898520430881
312955132 32057900 315689724 448770342962239208 2532089569246108994
158419206 37 339401925 472790577964519335 7624837014898863131
173939920 69132954 28357560 7718880851302762739 8503234424203711335
788773174 8908332 207861080 1913104834558785462 5081758136050522911
1797082 309091830 294952 740968855195531418 8511223240313279783
474112320 67080844 22726605 3208310125669808672 4069774825094735279
3765372 4998684 171612822 3076008386538492119 6140527811095856239
274488 1977421 385450338 3744519123164866649 5500106625887295477
9583080 32910 97607455 3725325738332794941 4493312657296876753
89666111 1184 60067808 2634317426846111147 5328142768596992043
310635118 3401343 47409981 2122463411390772076 7044654916674140923
13256243 25324 590344944 8172192201078127510 8694114849778405090
6045312 35888496 5280680 942912334458995237 3533243913374072400
923074321 7484 1570153 2137106145684283730 5462152882482251728
509808102 119675266 12 2324357868301940579 7230466533794719332
164254848 24217699 33712536 1166027696837190807 2604410897230233505
719616108 1516815 15316755 2919799965619945675 5682208751154051068
122862149 5946160 2278740 1366715793919899305 4795123521760727510
50806528 137704896 53288676 129457901290868395 6744812616022138673
1955859 778431882 394933481 2247349587131735360 6563029016282928823
649847240 136639930 27664665 5174422188315152354 7317216179311857039
30280224 100868294 69808128 1365686002040858606 2877009580626268218
4868192 9408477 167328486 4364243924899686307 8853848679073317005
14915660 43467110 7498595 1010239873394757760 3155727843386289372
65880996 187789278 588960 4992039593102234819 5973847280393919781
450551312 49837858 1996112 186890634936046543 2834775765185811836
12923100 278684 5193139 2111132433574015476 3621841126796730820
53715714 742850602 1595406 4235553885369379483 8546528133136330156
67978548 871681668 233475374 581036356435518131 8333756740174316416
190789150 25241325 10671870 4112438878996077365 6579903284128180299
85231882 3451884 4330 5654254098451153041 6306466236219617388
470825080 10189498 281064360 4386201249646655050 4597092385396397708
280337517 108483 12270333 2099715135348485137 3701415694736655069
711647964 121181667 10035684 7781483192530041638 8296913096461022380
401420 5196504 20368718 220627743609639561 572506060970904391
3413 8920070 44410448 8536453595837047352 9094557328174968525
29002630 19797096 1382728 4190514282355132760 8310151221451633030
245358489 97655120 477356376 4516953140682255993 5182305206474341822
79074 43416734 602710623 2437201637338185563 4463816276886713907
801129 273279965 35876435 3224511920705297482 8313701921590488531
826754370 208726 32383845 394234821560708631 7666726197771534159
228969380 305739105 1124730 2801630401041312499 6056878816452286599
3184 924008070 28785120 4192955734648478180 6146941869035291434
486275734 58848 192651 1319309806364649727 6031829428160883339
171125152 42234483 16628632 7577870368480682113 9122345311078466952
264592020 118041 117657672 1928995993968482426 2657413984705060511
466403172 772894170 3871065 1257496380931984121 8389581479042771693
436428553 411596410 765877 1143706154913038645 8693865395125984850
47943280 32359822 71253336 3609947367838517134 6399539659958220833
632275491 39657060 2431008 1309378147338342235 5376926160189634560
5278182 17777396 316005456 4755253421414428334 6799067814526142814
24764 988278732 30279420 3203722364246082475 8790924896704049026
204255453 479737251 1240227 1247613415778178109 8627307352896331880
26199045 64076886 303364602 633713225288330312 9021035872582804019
345253660 24968 3299512 1456790669196764633 8863222985239248894
12646704 11418 35377302 4827895990239048731 6862345694895542085
6244245 392364 515255244 912244113144997289 3255931472885360390
1964095 6583248 903817626 783380724725071167 6987518248265576817
11831820 95538135 408417660 3850970180155383270 8919457334844135042
660441630 9301335 6626196 5127862703370499225 9041259268756134802
334863212 2654397 21902 1288618948564332468 5032366253790977242
120362705 17 303089177 7201129754315714055 8543857484410721698
74961450 54024600 192243520 4271872774421879389 8283966820920306290
13623344 395076976 500720842 4237371610205808403 7273203188093293688
1518498 1149386 57082239 1955280110078042743 2935324266115676989
4920320 117508228 1242852 7676065456446045829 8675487379509153851
97090994 2916970 1112430 2327999796013262549 4886409340202322263
914012055 23072502 262460 2461822183936054928 8734829440089429882
17543750 156546425 434495530 1616557974222149449 2796903149352632518
32799 16376255 9177574 1060412541665639346 8846308427536747775
4546110 101057400 5893060 4357566289948749541 7903318524983105086
113748912 2279169 89177931 5532343318481673310 7384703855935100237
1265319 885953358 29130096 8515810986741429560 8977116830348482991
52676716 442479744 161540224 3662005907031978099 7904520448749335362
73860896 605328350 58331 4361009398973783505 5062041128706003767
565543776 37129004 7788 738982917453322644 8706011535633763319
420722380 779025 330604150 4747097692056452201 7189572224735021967
312454509 48000351 649085262 3241922294305267341 8880995328088194798
284618313 75943280 51820048 4070919398524300952 4888081798207625204
91895216 3864283 195094 2109060970417667147 2807829142822508920
209224700 36713540 379605495 6846136476042217557 8028505941407238541
452385360 2238637 1752 6317787371855273467 8299126478254349914
13883086 397798240 143118920 1560269539207929706 2590924811437255560
1270527 478916894 11311878 1379442315402925813 5834600555962656384
144711825 880192225 6242775 1119749133972127736 3479193760659486699
69733360 667616 739802321 418000533289385906 8619459624777607186
9881937 20460265 222206439 7235175683446620707 7847639316461874581
734124264 38327520 107366424 323693744305556105 7605097043350183998
400548736 220998960 489031032 1192587438605525085 1484165321084559580
2215958 353752362 14007885 1897535843456905246 7173983762508251184
820179610 45970624 30470307 4800112691504283098 5900429287845513197
229041540 76266450 497881700 572390949542944285 7256207493965273764
80342238 45612851 105313181 1294178168696942068 2842042394426478555
22945923 318855273 24867143 53410160611039358 1243940741681355996
99949138 2021764 23235380 3816196973344789529 8540653722452846418
114730120 24686347 410450635 838247646970144444 7279549872568766539
830919166 13130040 10215315 1570476235821396146 4956649079171020705
336934728 111080808 43794645 7371638574072339008 7685579143676834507
21843864 903620494 1256889 5001060178929908370 5346069722121798112
4516470 577424358 898101567 2254706078906289266 5680481213509690547
339215121 89964 277527870 3325512851397512083 4838275076685219617
43099360 43911648 967464630 2679369297461872436 6168302887576496188
188839596 1261222 60084 3522029039693820426 9166465195398626332
21975395 252547789 1794100 2252100086926614884 4650255685181825080
4536912 542375256 36228584 4665730388347419728 8660830449896972927
373389534 347191642 10399914 1294688258843928964 3104433931854635202
38759 353976528 80524052 5161714863421534153 6239668506618453721
304185350 107887600 109534740 615352410438077296 4399629933314520454
849209736 190585 55780 2030167318967718419 2324610270230048596
109556594 10708170 2345450 4399518213808446218 4832401644789809779
507951132 392579340 31772 3237512635251794363 3692616867445224375
20583750 26386152 43707950 1450548737866576762 7139411111340187004
284361021 29732841 253944642 769479772452297873 2033471295374176588
6525585 15338973 54626715 1798243547371522682 3520291899201877526
17551327 481803892 72864978 5387536671281241508 7123266024216369918
348372954 67874898 41160546 2501808687654609274 8212064805130081907
220029944 2025450 309204 726550388978142032 2477756323524229533
426450112 89692512 3873052 2285336670704294556 7034785873539771468
2306304 2214058 83842244 4386551512752834372 8950243285481285406
84014520 184340170 416042681 377176375591812910 2641808934546674310
6943548 6278144 3612972 4135851728021493124 6308582127085360551
185808 47103602 6352036 474264000191646717 6926922470570596735
199472 3218152 963021735 3363326997069519376 8775418417117705336
605367254 617941648 591689288 3740462397816330405 8164945325381099104
7304113 257202 15138098 171625324270893799 8331811989290853708
53183508 209906344 29890731 5710593775446043852 7015013513357597080
434488548 103240332 88837047 3316992901799587866 4229427360675421763
251719291 81 190842730 7948314629382059388 8975331360682686451
48190104 255737460 28560595 2929793357142883882 6848798784131382248
655865309 35007633 43648434 10939843952080103 7918367663678865407
172770966 1343112 841424316 2887335449411768360 8287005528357270940
54886370 197074594 15968106 2884763662957458954 8192864603678938649
20480 11647600 389890155 2656565130778929744 7627832872669111630
282999389 452918714 2701626 3310607778240704765 3881733768460535313
497748262 795487000 191640050 150720920942289604 294331694250619828
83402234 588 19818128 5226349428927235277 7107170282651565694
4967755 4720430 952626675 7704475292882453730 8609819086484425250
516075300 267980427 171683145 1387975690446531973 3140608058268165686
1035436 118847 215478106 3740777456710506545 3774431566692953830
210904560 71339616 10379826 4162645730123274700 8057271560645364817
6227837 144333116 9281888 5434977066369535638 9057289506065382906
22851927 12819870 19615438 7641560430105711140 8867926773621021616
9482508 331669332 111309471 3312524647980833630 3525237492649840244
214233834 942417 5165307 214219508854843440 3853172993508710671
365940 8276215 6891875 3838478401083060672 7138449337496763989
5174782 300944 6194904 5254029259228197201 9055768541060720207
583 443561822 29195253 5797162691965736235 7394590424027337816
1364304 16537456 653828708 153403711350454572 8453877206505616793
1335955 3469389 42307035 662216835840379626 7333526316916529250
62738130 576631770 11151882 214134724223046779 406199701722203220
12535600 129599712 672690060 2496003846801518580 4133354267617737137
1642500 82473540 114385744 1203524679176939502 8079766985385789136
1513332 254608203 511377 1185882662747065858 8703230388981312455
74040381 692461 761150592 4934722939711546262 5871358983870348127
11432840 144598566 135286 1939648571623655001 6171936260999952543
2767546 147412686 119556297 3467766503727478306 5921524794883263878
65887556 1578094 363604 1558596613190859447 3696073598868152919
63772569 51467409 171882438 1339180644042998299 6777971010021420664
730001154 477531 37321263 523072836787210976 3024977570484548406
86944987 728758 27347023 1345359385006097294 6709215117929740364
54964140 371246135 157157 221605530655441120 2410350403582536916
78133888 454891508 2381544 3929780586420863021 8440860682687008503
51750 66203136 171114498 2579127617836220015 8940779159284153300
3329638 43165948 4275362 1403909810447446204 6065887664815175082
387638069 59373741 24700851 1220871541752518861 6445339272030014097
7998 11859271 99136720 3439843009182676816 4322325882819647521
525300 8189101 1457652 1936019903570503840 2247763061249583458
17537 32016439 792670696 6584342602021721440 7570296817629986514
53947020 4269864 2697840 1652058951477015357 5407456912825686308
11766598 4244680 364573 3563888329596311373 5285114541785326176
1853220 447018320 339680 4250397906383597738 9142639894465544021
523867311 183018 62232312 3267474554107974619 7943980864725411349
8955925 58430375 145345398 3180030777209475547 5915278022293728314
140228010 1108071 117104520 4656766111277064852 6439003186369429237
68845098 109694112 54984288 2115998244403816901 3218197932212501929
20974600 6498420 130984275 6203134855854395156 6466405884984232629
102039960 588221403 3099250 608342555414437044 7408072500162582242
136240815 53304128 393686 3953517377014319445 5336111612238658226
5525 394621020 78729984 3026951302566042759 6613921204170896872
169235903 6345166 728305142 3622130850204049828 9205379254129757827
61640688 306058172 75789 20608005654178727 8511749894274179817
326738880 61821800 871065 6343192617913393169 8061793210415400313
25836600 33209988 729898400 4689305413302180295 7375387910528322528
1207 711916 572592339 1451286769897970539 7320013613613411117
137836204 166899 347808 4557788125383820607 9022904549160450990
98104 4076208 13034532 4878363761542550695 7459590975465774633
1388830 21704414 371880 2153951168080602581 4687724653116728195
10472490 63897270 8914815 2842298067892889536 8920992405872869217
14434560 525327768 819958545 4400347495550494999 5108015011938817988
10693340 740764062 60228 5686607898686084819 8121285970890929261
71930376 68249740 66842412 2053985301099933364 4052160601121190840
2296701 10310651 60975408 4598712365169644147 6901788021339890780
9412552 5727600 27211776 2432626473333008449 3137880771048107224
313664 259581 134110088 2179730310024044344 4852187446255263768
16124210 959192 159486836 811770838880588534 2307276359145546371
565373189 148442 517982 2684866740619075417 4162355449569109295
151133112 91574847 58548231 4537753999196713800 6040898365109909005
78222676 128357264 16362 3061499797690678821 8141364271424736313
464187633 1119272 259162107 3811606751654469322 9216368316069383567
75550989 466830 857959830 132857822567632642 8750974258503519259
99957918 129880374 33538314 7081591924623357056 8240321650306053199
2810208 40435722 267898896 2012173248668240989 7589775566888524074
190528065 2671890 14922910 1499421501759898404 1818403747604238896
89730 21099951 25019874 2358842326336060172 7909307047102375218
3058908 184690908 104897736 6500592238587135464 7268412827482368493
611400060 456295620 87992082 3527965941626046358 4087695883019945286
51040 80772094 3631968 1889676751950110140 5912723217119099893
8794390 5929121 547082272 1917643557363778102 3846624716972101876
21731250 12984600 134990565 5015302768032242879 7501571131832727506
18480096 41395040 10598180 1564045451800496994 7476367044924714464
962676 5453646 639390196 959909453121659484 8465019743718914858
4032 17671401 905150709 233907152440032808 7772140625337246061
48231812 13908609 106465 33207024702459412 6065754922787552465
77914269 2086347 149464943 1060962930111218115 3987590709155575369
1714020 276893820 57999843 3545577566930205118 8077074329820060009
12177117 237492720 643824000 4416431483887501255 7703063198976945755
138452250 73455200 146244 8877664412061001499 9195604727588522438
3972390 572725170 413026340 6097789013821222528 9094701599388161343
34250286 183870 709895511 1382053258464093930 3987249823003458576
156065775 240 268520584 1162354149838899368 5820866828898917187
2495583 304352700 42730200 3845225536449547123 7184099222930832211
45127800 2701995 8186781 658607449728237410 5350342988178662203
427398186 126916853 105042 1566984304068984955 6723713484284284190
519865 29117586 165301782 1201738603597853989 5084645357061320948
321509899 14533113 110670 4800696026300248757 8353083002335636029
1420290 667997619 86997686 8040407256436597665 8613214251487266334
382216695 814487 6309380 2370216643244021726 5854259829431857648
28538136 426330 114304278 6672981335776643852 8128677538112081491
944371386 993498030 1210230 2679571655252470479 5935736938578195046
1359432 50126409 22418439 759307210301779473 6212411226598844307
1105375 865516575 743247120 3883287854480267057 6223143388701174393
148131184 137429432 45254277 1617845279770022868 3938864505541508808
3904747 22641 92589395 938099512178790099 6403172922394004140
700965 914200020 17465382 3446037615231256902 4168279128549427181
5053392 63796080 12557043 5605529064492074911 6274200335230738172
560097099 62707824 6835428 183138146808790609 8889996204236830513
7237865 144983736 123759347 3384782970746143104 8916472542128789096
2357454 28992 17610520 4543120619047781171 5212567361922107516
416778347 665627 511609810 3675820803523012424 4613243257574031005
1029800 14178178 97296840 2987414664288842378 7669502766225569900
641231296 19291090 18937828 5052386919650391942 8950739378300385421
793950 463619087 88898950 6184542735993354161 7728027895793079487
21533484 434802928 112669804 2790255827234516615 4118360149861182667
40454730 110576160 416631416 713948818105271995 4685494198551152636
25451722 453369982 81 8379980814379131716 8764527629394084642
239823675 339389856 618525635 4246195508495832351 5309048041140710907
5698692 27063 272313798 1819358412678356564 5552748537873332695
65854080 168282040 572989104 7581634166708601683 8005125752954854418
17119668 15634250 8158845 4971878958308972433 8889174437998084801
512141931 4690 25772625 6656113523449095517 9131982967866429878
10738734 372329324 168799937 73335527790267039 5278531528055088313
129987450 224842500 556335 5530983505577335602 7604788557871482475
2092440 622068685 18373995 1166657760356690696 8514546304012027526
627977 621235629 18631 1610018168348649352 3718335275347680489
471230956 664120952 2254 4023931407166903855 9204224943266706984
1831060 402616280 116506656 2566261714304481406 6689938912488527592
3560520 349140 45875621 1394300634946791563 4907711039296222275
737043552 4641380 6561025 6758911334101437112 8295577784077811022
15593984 2901619 14375039 171696016293314505 2665589961189038209
60937468 243806 3876790 2574576757080148599 5620253444612001111
5136479 13588344 535843088 2820940996460524202 8581221061133411653
56581 57436105 2950710 2277785502278403654 6876699577141809370
46613821 159690497 377995528 5140131177753376176 8261750724045490068
10706368 336090248 350613120 245067870327740227 6066043807068177897
35728 296948978 98865756 4713890894189044077 6559425909523123561
98853048 50317092 727766442 2185878108316015864 9122497031643204759
29944044 112299425 102364080 4503960769669837877 8374166374661153079
119853888 857121375 27520725 803150277375512227 6388792440543546794
344620920 3669008 677109916 1251576728140971861 1957074001142606591
1230042 5199497 6644682 3318465035997756140 6920045773046510105
781955328 9257904 10837728 232293766452676112 621777221728860230
6037120 104541920 4718355 1745253688245587754 8470170817724898157
131821240 637668600 634 2206936373651466267 9213937337271234761
15597687 2842196 13798603 6230391320247844055 8825658075117410286
44252525 356024233 960591430 1364501411707437783 6910584107519023828
34055 227079296 320101530 703464400522088374 1882947158565877350
117349470 115461450 134053650 5548896824028223505 7450144176213343714
522486342 87829 2382552 2291532989319891347 3470077188863436550
20955024 427757222 137222788 6253262900143320959 7174599771929886447
465951720 208026 92602608 4266497999828661980 7801947152312616912
67224118 16817093 17238 5282928406367745225 5525682477238146368
85010 35984170 5723165 332117203059625940 3796174233067380686
1813889 5930470 16480945 5659136067662199665 7007266016434699294
10378967 401519015 129282 1703318394510240000 8791984026519027826
918666160 422204880 936736 1522224099237008539 4916514365950407115
81179364 299774076 232475176 2759253630991396481 2940200206883362720
475471108 86622746 457015178 19109231129283805 6306887560359128020
22337732 5881 1135445 3520932837128392821 8434147390674744700
420942 62634 139314431 494007345394837105 4581467395296147945
28607262 73550340 21760898 5155017647837512113 6669733692600743534
75454258 582305472 5429466 3127103648610155644 3799558957662223557
1478536 9119268 183044 1638564547488715611 4965794252955283873
54684121 27268 7010365 2564225398732920389 2669363661887095817
471694623 27 57292983 6083033098915739715 7510894803196185198
514074 10562762 7532070 3500864560822341915 8441583839607463106
89388 102754080 739105200 2022464144693457701 8632229681942922947
327811808 167139 378960 7058961660264308570 7844686086671770355
58025466 29362284 724864352 3058116468608827618 6732646117459291272
119753634 49381 778366122 133691564572171369 3465820649973323302
2354643 13986999 356852717 1182920643819836702 3907347902579593156
275958300 682058824 103495227 3652683976021165592 6965907034300932088
15075 137224101 10869300 4899969567465152695 6163102300831723678
980 508314065 393069502 7719856627044966177 8905620616403448857
417616800 13925 864306926 8041108784644879629 8540350816690309142
316657100 2136125 28400904 772914256411880457 1732275293722961324
34584 7124044 85731258 1275078226179387732 8793363542716182112
670896262 333710 75373160 2284321947810670010 9103486515929938070
3447324 4219317 70278640 5581107189747115732 8467721665517606245
53442590 927702815 434062785 5806147604462780607 7434418833487337012
16011768 92524285 121210 1794402002950670597 2087097460334791624
1940345 142345735 14390 574897137320372708 1635990195023059442
973248899 1395212 52892 8190376348711455903 9167026511500499955
3328507 6219720 35389770 62796393730640872 1739986084724678408
712575525 8346375 82771310 7403695915173707200 8480498863842429166
12178859 20742564 2209629 487389172583580766 5133784277682704250
156922860 13354040 94890020 7684938636682560910 9108070877118687523
641661507 606 6407855 4363388155227226340 7886801468333992149
321103764 131746211 697644280 852835255438022462 1946501929628467438
37632186 86369670 4189956 200328633221233169 5258162599887483600
440127552 680313468 94039104 1457515153731998940 7569944329998819077
77025855 167610 303408800 1348923582284262799 3487005288336103112
63220920 57538320 683268320 5899693845893762534 8552297483145295930
350545116 467393488 193858731 117796397967752049 8877276755236953771
1047984 673666884 1437128 3168128589581793384 7676323912723899030
151844832 79966183 382432 3827178347658581397 4710783305762404274
926801304 1465964 57996664 4754353549352112981 7872395579423848139
810769895 44926 350337806 547253831582444666 5631129858892079957
550558092 1658580 948501036 3001378668291304577 5393753402804871959
2211669 426728 24112264 1843729648288835526 3231528054325713410
494 132563442 3432212 1299824239385355812 4989816938010158814
553243517 25299 11415 1277410424157525607 3825243024739322630
246495954 73011050 53085095 3086441041286001331 6157900402957019695
560827391 48610170 645856480 502255800818609369 3894459969514687960
1549901 253062578 33765882 445423828539150435 7819810981484125244
5269369 15139593 3725408 6711257732738465011 7255596172414636406
33059157 102331372 5840252 8357427482144883538 8913652529529028645
407376 5120595 119382328 6580540042992767787 6856508588280237492
48076606 20455614 496306 4488110329792682993 7597706354162098767
1565620 135459944 315574 502461508998498881 1269815129248087397
90218220 93390 404780145 533133855910591521 4983101544592843138
136150 5849765 7139822 6305584182157607025 7505831283356423212
1578460 70805592 381609470 4919914050826084250 8167261356987855720
304 84889673 512056000 4772239745722938793 5697523356459583732
298913338 20339905 2652340 4729909387091327297 5246660367615465043
108432 490919088 888631448 2888559504783970222 6197408941915500877
26919888 6675450 384677000 798955938654992455 5894350059515339053
16676769 45210461 3502063 1171246119068252954 8713255172117110821
7000515 82807760 1557360 2143277420446442618 2320657186132326659
537805962 63161109 665968770 468806348341747010 2454824157034371768
36178080 757611296 338710720 385484265326557255 2045898330217659902
72572976 24597810 152021083 3109872975636564668 7979969418577192882
93203264 55216 119828754 974971002575467645 3727869627626860122
21446100 20883050 476047 532964312156387163 7535216908006876502
1616085 9015381 1523375 2658705007188746247 3033638137240734899
1203104 74106 47160211 4831416904778768424 5045651597247379472
233897 473682 450003222 3181761817334200364 7397812511726733478
213985200 378121590 15105090 2471756364681648975 7706695262529782756
3082162 3376842 130092018 2533514634246973344 7723759131604244271
3531850 106275750 40196460 1223772545955055838 6070187348492915452
21994758 10978545 5332970 5585891891546930536 8233447846984344975
862879220 256629060 536648 3359273100091089977 5038122776397241905
453609 168715463 99933552 6881719653733836236 7891601518516258991
64822020 236368 3344657 4167632543083551859 6938370982177788325
101850075 3497850 2773766 2337619884106521795 2807619796488942147
54893916 3218992 375370948 1839009993480587124 5193629151036323930
704352240 9047412 376497924 4286255982453125604 6832871415408495331
129064362 42081950 509864985 5967074672764692351 8450832178416017480
45811155 818643030 4904 6316099726899592215 7451625849263353464
988597596 306243287 103238688 1374017997128392848 7123552844130537211
326978856 43337 161628437 588212627624464329 6893631818348663627
4774328 924557868 7536074 2315153543505146088 5003351084841007155
1001486 20043205 5142667 1886891069414763419 5391778755586029054
557276048 3556009 29507297 5160848213732789839 8691922404880925571
10077522 21165235 421952268 46254212078776242 7685870673079097151
61394850 429572 900408600 3421051651281872815 5203761017882813411
304910734 481911308 4948 6759319720446389518 7637307870170186151
121486864 7050736 149893040 1301686936810112777 8376428201901974757
150790080 795431844 35030300 889738892674898071 2110941216616324388
298448375 886537725 329487006 3011881221512170892 8167960626785679343
429001380 2186634 443995 442103832085077441 2980437504221163973
374220 119534536 321285366 4181276683060148440 7612444105424957587
247485760 823575480 29080428 859795127479242669 6545494976445616823
143488449 36165528 184677902 5734600024561323024 7465671283186390114
126151287 1879612 2955063 4558906279666816589 7641138769376057466
7120660 76039440 40231062 3989232371257265601 7377038882280160288
84013605 607606272 595818496 1307720877218272869 9159750043563142159
114689718 391027780 431542408 1337920157745192779 3426848604450037569
9122467 712486439 9282 5021736827435563099 7984653582740578315
10584606 1372189 17823078 78528976665155121 7595526394662451077
241684 37303760 404860950 7932745635605126367 7943357429068444713
1820 296811034 392702760 2755982013230796345 4232576084999965938
290223617 3646335 19491318 1782516257095418761 4469710869169870999
64629719 41132102 5910212 1725611371055949324 2725397879470589200
433264286 816021297 45763848 1950551278775238023 8197791745236474122
819735257 245214120 27527970 2802629041229434043 4836380898511446312
42430572 10245 656507785 4767125294564318606 6959844645445515787
33082504 1781200 77578480 3584142811108634147 6019497444266272485
560091880 51680528 240165680 2017279741276329106 3679447669915124759
11704 99562508 114211713 816590295364176738 7672492316944293529
49184248 435944012 1022638 146887640669834095 8378655990846533533
659662640 65425500 13899025 6171107135170588339 6885371961519905988
96907261 184086100 6128665 2639173932178035748 5387500986420691150
419462563 8219172 48803989 2358120216225941497 5531877051273327437
5910264 302815761 883605882 1783127532048269850 9222361001484829864
738229503 148280726 936997705 138137106978190373 144494027759569501
295065135 30582513 49985 4863773456156491319 5704892816696395585
527663248 2335 3458987 4037739856789756805 5076677815653879779
145889030 3470355 3128239 5684421449907640108 6886672594910498316
113885116 228 112062131 2540734165529788027 6358095730120839462
105399140 1376034 87244740 1711961812197311393 3615425882689775545
399757382 801 44096760 316158440154228338 423088344932856477
24369163 224961838 103742600 6168605992195595138 6396844920744478727
1999710 43549302 93699378 4637602750226951655 8271770812529418338
225524035 2934610 45486 2640680013345598178 8019203023245267414
176050077 467890633 9499 3953517781000351962 7143182125139472596
116683 986562747 37098864 7097622600603549382 7588382989396159700
3979736 14890288 14912576 2094264255362705309 8905318147337069943
902859804 235461611 12512313 507639393147452944 2233151575471796364
571527 123413169 1937265 2190555580718142629 7770779056008872907
438876672 15195456 25608416 2021039990000650470 8780685282011315908
1261170 894347480 6736 5031870632146913493 5253813817485637254
29645 34906399 49347295 1445012357166679472 8114501935538518361
5748198 925426935 1908956 507710860556807093 5153886307907121992
820152 993582 260290017 1323776071919381579 3831301976909140538
203630679 19067 27247640 2508493610006098808 6124702061020535713
152481408 5965728 16662720 3549678433086727196 5211727678875555715
54471432 619967665 249660730 2024083615779676498 8302008125411933067
10854284 21604870 588084 1344665855079220113 6431548694284040521
467130 101358412 214255070 2868400289352534643 6613506561166393699
17410237 988130070 244215 1349504716425180755 1706913020335628102
475349336 17434490 929445 3053018171319144204 3946392037671498464
48673106 198586186 2099320 5458975767066871904 7452577118180466663
10218175 843377685 210494405 3161326274135097216 3786719227939156689
13511381 2132335 214362148 3510642943555011334 4202109986702974927
536543007 112375725 20451330 2590369245488703111 4704820232528134689
138519315 7757750 153324885 67783913155957006 9079495646597668554
83763324 103697704 613481301 559671308029444636 665231946755981381
474363819 1221597 38976647 2168028641838585673 3950126878352611694
876564036 83035449 1758344 1136054992026760866 2840925640038133608
550344 427507665 29712594 5037823217263303603 7932360497235258074
589657 4338690 1417212 1108916238452249399 5169094139931078905
1432278 27557696 67299300 2856667402973376617 8599078283093748533
3977050 52058349 53444034 808786554119899164 2141484389644797815
6820 22332865 450895010 5523155872790512964 5649879824304691870
33463044 138828330 4076700 3098863299861992753 7984380918574498126
940124560 433979315 52632020 1437551226122866736 4742842054593511816
677571 99687642 468222624 6046370690593368709 9024843360362261015
121568118 200849 928798068 2510233126346571176 5727938070614114361
78402954 979328 4496996 3715601125684725735 9206545357515448654
405310266 339254244 2988 2341114948255986625 7976445862865044472
505440297 121461 20445816 746310697707235584 1029205065157528838
401170180 3455948 194291410 4797793046142557368 8128862882126506808
6350394 239445 29165868 2323695121963409000 8373961877676028828
96 867772242 597810888 1174721002411826005 4433883909076172787
44003756 231034568 189255 4870511932090580781 5033588065648650710
379988700 104276296 53816 2364365672253998216 8429501581844450896
455770 497936749 912058 3106713559623417937 4151162343469395225
385641600 44256210 29514040 3960121418053753220 6718768379107334089
889255 191709014 8214255 8365593603813133103 8832850163134540116
148430 796209897 394380 326715148515330177 5595996953238580230
871530660 12434688 70246008 3105695345536437775 7037651736083910909
951270110 648641525 1993625 465199676559931833 7979258798622128905
830020 62772580 1748214 700021167835910242 8987086221885755617
9709 4547165 41209872 1966297124720898231 8625112356832688318
20161900 897147504 81930630 5379865866575344161 7651260953079509033
39351620 21394830 9284295 2696778044783226293 8531700634045653893
109630971 9131344 49053 1553121339462771717 3404577565006384113
6629382 1349226 96662586 4225105398309118604 5849749003990522180
279323208 348309 57570208 733837073584331756 4877690802841847420
2091096 11071165 68845140 1421243411376292196 4988310234800020034
835231610 6977313 333761505 6227144291334197052 7799004944149356561
82153210 91896930 1835 5763020519209699211 9058656926832758735
900654663 782105265 138831537 755906336523907644 3802015595612705362
974226944 86603622 25506880 4146254962579849824 8430683837864508521
37267291 6795384 27727596 80697211763698441 6388124177646582795
7859525 149905145 8211 353177263778488320 3978754090145224190
12082441 849276015 17937925 5639085714823550636 7122171854375933666
19619013 98599536 58857039 921044248293845338 5753752031467847255
353350 29576078 3953469 676136366412556985 2990816349006790960
13284166 28949249 110121102 1604044756142491991 5919493872514885227
765156 375096501 1359176 1426641313806345067 6198086957823034742
13829875 269417170 252938318 1150789907531988068 5617379168473185997
22128700 371813442 440622 916520942817541689 7386833016399171284
117558568 69509243 96459904 481861905533791325 5351656246939207835
45212580 51304297 728424900 3865120433307157648 6712722778422561819
3454 488952926 584447404 585788234787480809 2329395975329270892
382740796 174094200 88788042 3210162626793018487 3802027131109891525
393358034 137016936 4145166 7179415454553719599 9201703304778075603
1242110 252472064 377922560 4684207077055457327 7532599251164989654
934860876 8272407 95421876 76927468746901398 7619322363307582675
7803296 74702016 16310392 8131991435025916509 8735957556550606459
271558 515137350 44815875 1244651214618506236 7088759133967527130
234 891852 809327477 280914796059948385 1283730646058466317
76714020 58153509 51672780 956082255803666968 9201993123135471491
188652000 136356360 11414640 4050045456162701481 4661824020733116600
265932 2692702 420926366 2759824606673987568 4676427149878835001
49817697 823957244 96 2467376174762638018 3720578749205805574
946740 78488082 25182780 2543204041575568976 4627805309730144586
5658 951329519 772298492 1256722688716352650 5468555405014410112
21028756 152007 5475150 1477492685419320099 2617254660463893932
4010301 3562146 23559705 7135396610546757176 7135527138907002746
7261668 294676980 46271416 182711709763752974 6513392585024818771
399425180 860312552 8711527 768670960329689908 4502658680365536327
52636724 50316486 9903278 195333889955732620 6781527325602977957
853743 6904359 568368218 2914529675157811278 8331433216744476351
113755320 600307470 16617792 7247526699274797603 9088813370095693436
175147893 254745 137027310 6331358971415065089 7023899637248564015
945750 637361900 18653908 1215566158552603174 5172395643320474809
7409344 15130 37412192 4361901785995788064 8488245172304989090
63450681 313446 103729050 5855979568336526859 9056136371378106699
412575012 136212072 241967358 2065586360466626439 6767723350577361087
216966789 90842 406758924 1218190656232166352 4845610406635108348
43519842 266229342 121918554 1233063896697042825 7613357691037155556
80057692 9930 29083899 1208046021981994991 5000803771727956078
349574979 815768070 37613703 5852112039392000796 8410398841530338075
201861 1964304 6694988 5669598025945978889 7088995117175554290
1340595 10679985 16992387 109582104361442759 5871820745595495905
13317402 51514240 88560320 1768890376291064794 5721226668971045601
352289361 9995856 1254500 5181855805868321004 6573688529261325471
49486 592250437 3475901 2907009198133231912 5370200309544693097
12442950 20612077 8033985 6045849373742274011 7587966823935287198
2084894 92491812 16242156 2106875263086278681 4067596573192584248
1948683 3315562 53329564 72981953233109351 7184521452091913074
22606056 1709847 154702482 1334472959212856491 4293950284087997625
11857338 18477 235963890 8365664022531259607 8877896535472320262
542528520 413017454 674712 1540751084365301877 6352620812413052941
748426549 32570611 273558865 6441995369039870646 7432132766528385275
4376148 48587887 120974532 2080718465762214289 8170404949401203113
105860 548243100 641943 1187528986967667631 4934811412981713164
57047843 25770143 5562268 1714513259219863157 7384820725775121878
70952112 911660 443119488 2465085701593620710 4344770103723770849
668068992 695042 1919216 7813982121563525755 8564144508938822763
128541686 7824 910831 4652589094714837314 6948369518030057948
6584 131303889 635935555 2357903763010787926 6803236302824778862
174337920 1035456 189752 6210964802484248750 6261323478022076209
10646625 639336840 322892 1375970130241543894 8641709052992235653
786540326 8080896 31566 728235421418627425 4547030344767373068
87338465 1236690 305276280 6764491676130809584 6990718439719429630
807634415 98492345 10081113 1910706263005895662 4909095100571563411
6679766 175103026 53261612 4324117406315710373 4381076173742426416
86925525 36637275 8272825 3103383706519600295 4487032952530274108
17913530 12327610 182680841 2300647849655866790 8260423781928929305
72370493 142998240 58607612 3906348020050644428 7460273071160517433
62838090 758352 151478964 880472882938849249 5618146356855701519
342 525555372 27569995 1242090622639545187 3486436106592231978
93084320 157762825 224440 2722597043898463354 7555827319535948554
