419
1427
1423
1218
327
697
1720
935
1057
1470
218
301
26
1221
1907
1635
1113
442
1333
1577
816
177
1852
1969
90
434
1697
1351
1846
1654
1040
122
937
319
1340
1136
888
917
56
1946
243
274
231
269
1368
2010
1905
465
437
1094
1914
1125
1144
1750
950
1106
40
503
441
1886
13
1354
1880
822
1545
1205
1959
290
1994
1887
220
221
17
323
362
1385
189
123
1850
498
1090
1748
1495
218
1354
429
1324
1394
805
1638
1137
818
848
1001
1641
249
62
1456
539
40
1327
631
133
1344
954
496
714
1016
491
420
1514
1581
25
994
1671
1379
1295
980
758
84
474
1767
903
1194
752
400
1443
815
1856
1983
855
1167
598
861
367
1425
1229
953
425
1720
1374
1811
1158
1399
789
813
634
69
1665
1264
153
123
1015
928
1317
1768
1328
617
439
1040
584
1294
63
1054
11
431
335
1240
1384
760
945
614
556
87
1885
1217
900
504
1286
550
1768
1312
545
640
224
1735
264
1425
336
703
449
792
1869
513
1846
1881
816
166
1105
56
798
34
671
1226
2009
412
428
894
916
1586
1316
541
882
1733
1053
1107
1324
1317
516
1660
4
837
308
1873
1222
11
1738
22
49
828
1967
847
734
494
1946
728
906
358
1494
1695
1944
794
92
683
383
1145
1790
1708
318
162
1224
322
871
1533
179
78
1544
1790
1988
1593
474
1811
296
1208
289
98
1936
1196
456
1286
747
257
1952
839
812
320
1856
458
12
158
620
1108
480
1363
625
531
1313
25
177
1158
1490
651
953
1659
1732
1243
1757
1524
295
70
795
914
327
731
1753
1011
1051
1465
1469
935
1623
1961
28
1975
1308
525
362
606
423
412
1636
1913
1063
573
1556
779
1688
1170
288
1855
1240
955
753
1439
1686
362
434
722
1699
1903
1529
1178
1848
1429
1009
1140
1955
1372
1618
362
1656
1110
131
703
1684
1560
1355
1228
714
1515
1068
1954
454
1693
1377
2012
1928
1811
590
1611
1570
104
774
1402
1533
1783
398
1344
1011
1889
1578
651
983
1582
1227
651
1126
438
1752
1840
1953
676
1650
263
353
1011
131
137
678
722
1749
232
698
379
1506
87
146
1904
1432
1158
1777
866
1681
745
432
892
1268
1558
1330
876
1254
1139
1552
888
1274
1778
1771
1406
1915
305
112
1520
409
810
1899
1915
897
30
1804
185
1060
1437
1052
725
38
1356
1490
1179
771
804
39
9
1816
1592
770
1074
1354
397
464
1125
703
448
630
1112
1130
513
884
12
415
672
69
1475
1981
993
57
4
334
1419
1183
1105
79
1222
986
1895
670
1756
826
8
138
1162
1134
713
1611
1636
1697
725
133
565
609
549
1109
551
1896
1075
1544
1825
951
1878
1228
118
967
1308
1212
1954
1187
1883
1566
1885
1763
1576
1032
753
145
627
373
1843
1224
507
264
1706
928
1374
241
808
305
1657
618
1256
1520
1718
1246
343
1010
442
153
54
181
1592
1939
1945
1152
955
682
1298
1454
1056
997
663
1435
1261
225
347
491
338
1027
796
1995
1517
36
1499
1220
1282
1715
214
1597
1868
140
1778
1316
64
1579
453
891
118
1623
330
1174
476
865
465
1737
962
812
85
1300
1839
881
1279
1341
918
635
545
56
334
631
1653
58
644
1288
1375
580
851
1700
1471
969
1179
1673
2015
1655
394
464
1248
1356
1148
1333
640
972
199
1920
169
989
411
586
1045
745
1217
555
675
1861
1843
1922
425
550
1606
1769
1520
769
1426
1391
280
1821
1728
1401
1033
860
590
1674
1704
661
1450
1873
1650
1861
443
552
462
1533
1107
1009
1378
934
916
1676
1484
506
1301
860
1148
583
108
1300
388
1836
557
1294
552
1148
952
241
1809
258
98
1316
1991
542
1868
309
59
831
1318
1309
1765
218
841
1105
597
126
1838
1745
710
1818
901
970
1510
1459
248
46
591
1072
287
256
1202
386
1572
1177
800
1296
1358
731
111
661
1912
1748
879
738
838
1476
736
532
1077
1318
334
1979
273
1844
1294
393
1762
1885
1338
34
2013
396
292
1570
1446
1092
850
788
1695
962
1449
1591
694
185
313
1404
1533
1050
1808
467
224
2014
430
369
1714
1596
635
1461
1337
1973
1495
1334
353
1659
888
1671
607
1611
444
286
429
1893
1877
995
1950
47
384
1468
969
48
1935
1193
47
221
1563
1633
1817
182
1078
1138
11
429
456
236
72
1217
1908
679
812
336
837
1241
85
699
92
20
746
476
1360
1715
397
1279
892
316
1372
311
1949
1173
493
884
167
504
1313
495
613
1258
1584
505
1809
380
841
631
1493
798
1202
1586
818
1948
1934
162
1519
315
1313
267
503
669
451
437
1714
944
1321
1753
1321
490
233
1934
1748
1689
295
1414
54
1136
29
1419
1934
1103
861
609
907
652
643
410
839
1957
549
1343
482
1000
1780
53
1817
957
1806
994
1447
1911
912
1180
1585
1207
578
1511
199
479
786
2005
1582
1648
470
473
284
1114
755
1123
927
1176
322
1409
161
86
1462
1850
1043
1253
828
475
1020
1740
1527
589
803
1977
1972
874
312
743
863
1894
375
1334
223
531
432
978
1526
1359
138
1849
624
171
1807
1959
5
835
1196
833
1182
72
429
565
534
1104
398
490
1978
710
1233
826
460
1480
16
683
1883
320
1533
1394
1551
1543
1227
159
1715
890
102
1592
1725
1170
282
763
1115
583
1200
1649
1688
1598
123
1650
292
1229
332
624
565
220
1307
433
540
824
1827
1963
224
910
107
1811
1800
81
1387
1382
1124
1541
1
223
109
1202
1744
1797
656
1739
1303
821
952
1636
1445
1518
1728
609
1823
253
1305
1634
200
1529
400
179
1324
184
133
568
1438
1129
93
1440
1224
74
498
952
1871
1026
675
1031
1847
1500
523
1149
874
235
1758
681
488
1047
171
561
433
571
612
1757
627
745
181
1938
1874
147
1362
1082
221
1732
1906
1965
614
566
980
318
1938
1503
1467
796
1610
1081
1349
1971
2000
1520
516
417
1963
1128
31
574
1746
212
496
1476
359
1730
543
453
1318
305
402
1933
871
1254
235
793
741
1574
1461
335
639
794
162
495
298
678
913
245
1679
816
692
1281
900
1060
741
1132
647
1156
1585
1837
1462
1987
1754
317
1225
1861
983
1838
1419
300
29
1930
1095
192
410
1265
742
1195
1383
405
2011
1947
1686
767
991
284
1899
1510
1440
1468
1332
886
1311
942
1076
520
660
43
214
1951
215
116
1866
1310
308
132
560
922
1199
1943
1328
1066
1874
870
1833
721
1026
1717
88
451
1169
1292
1337
465
90
269
857
750
184
944
686
400
1060
408
1710
1240
412
126
146
1483
53
1346
533
1799
73
350
377
1099
1939
465
1550
1093
1757
744
1430
1847
1013
143
454
1198
959
1012
1598
3
1292
1164
1243
1704
1291
1262
1171
1216
592
1576
872
665
1926
1249
1765
1850
1714
1299
799
1327
1915
85
1030
913
100
1484
1983
1060
480
1437
935
1772
457
35
1332
1748
1297
359
821
1889
1935
1693
539
1718
926
160
1424
496
1459
207
1823
1231
164
709
0
136
178
1855
1196
530
1276
2004
287
1733
23
1491
1338
1320
1851
15
1193
1770
1708
1604
1472
490
1764
880
986
1080
959
665
295
995
1374
295
1132
1424
134
184
1955
1282
44
98
871
67
1461
65
1387
1296
80
437
923
1788
25
379
134
1662
1132
992
726
1963
1657
1021
943
888
1188
1947
168
1194
2003
1995
332
32
77
1075
1987
1539
1141
1231
691
1221
1668
1614
866
1565
1866
872
1211
982
1865
1937
801
1378
814
1616
250
1874
1419
291
924
1407
270
1256
1311
348
316
1154
1759
1329
369
306
406
21
1921
1144
1459
1771
1
654
609
1866
576
1282
1228
1262
883
1351
1121
286
1642
29
1565
1912
1158
732
116
1474
1887
1747
659
240
38
1065
134
1831
194
1593
1458
195
231
51
1933
679
1205
1145
1814
72
480
919
231
1994
820
1796
1891
1978
513
1879
1308
256
1611
1967
496
1521
1017
502
1336
1211
79
778
1278
183
701
1195
734
1906
196
532
1979
549
1451
194
527
128
1862
274
90
231
138
1399
487
1621
1222
856
1126
223
1358
446
1306
1310
1096
440
1365
1797
1635
83
1559
1704
616
1522
237
1939
1588
636
1939
1307
911
14
1538
921
1285
10
526
491
738
1524
587
80
1970
1765
1262
922
190
611
703
1697
567
246
1385
1055
1641
1622
978
1085
243
774
248
1026
660
1787
1947
1945
1669
329
292
391
1853
751
343
1679
501
1606
585
691
73
1288
372
640
1406
1630
1695
903
1236
530
1989
1351
1304
221
233
1964
1880
164
1765
1405
365
41
1796
202
665
2012
1881
1166
1602
322
1729
1675
1482
85
172
873
1715
1867
1648
808
381
1621
15
1557
1715
249
1505
1451
285
1254
841
523
1168
493
725
1833
489
463
855
1963
785
568
1495
252
525
1667
997
97
1518
629
777
1772
107
792
1313
1694
913
803
1001
1071
1929
1842
1594
953
192
175
770
681
638
1625
629
1296
49
108
1420
575
1775
273
672
1149
902
1449
905
881
97
75
431
883
750
1433
1954
663
1131
1532
1617
1323
1707
243
1877
202
1741
490
1498
1790
470
774
349
101
1047
893
1250
1821
198
12
559
296
1975
990
1051
709
279
989
1244
1411
377
845
590
68
961
451
142
686
813
1512
460
1283
270
682
1384
1189
1575
491
995
1646
375
1554
1814
334
400
849
915
680
1838
143
1963
199
989
537
139
1950
861
282
492
1674
1794
952
814
1937
1506
54
1110
1066
545
1977
568
792
1387
366
998
1788
1215
1913
324
909
41
143
1108
902
552
1119
836
1413
1273
1200
944
924
8
1758
845
1515
1812
1827
565
214
1661
1005
1006
1032
1371
2005
676
570
1902
1000
1479
1815
1143
443
701
1696
1562
1409
965
820
593
1909
1744
602
1651
445
101
1320
128
538
1534
1789
1543
396
806
898
257
1482
1340
16
339
675
1831
1354
990
517
906
408
1798
1872
1100
376
1637
828
978
1145
1145
951
449
1274
1361
1855
1047
888
107
1853
1658
237
1192
854
125
1403
1529
1956
741
503
329
1520
783
112
1376
1884
360
869
696
1210
2014
1714
145
319
844
1506
30
1891
250
10
1601
1908
247
649
746
372
36
131
184
649
506
386
153
1289
370
1401
1157
730
255
1726
1940
125
1424
1957
317
252
1447
219
2015
1569
229
1472
1461
348
105
63
592
141
66
649
791
572
1035
816
1733
1405
202
875
2007
457
457
1931
454
1753
1872
771
1877
1175
863
1876
728
1092
1333
45
1313
1310
1996
1905
1452
46
538
99
490
1445
915
79
706
989
954
697
1318
1283
484
1773
1020
340
400
881
1387
1263
614
1987
212
1819
1904
1525
1113
1884
1286
421
1802
1697
392
148
998
1180
228
1705
153
1054
386
1472
322
871
1101
1214
1083
1501
1968
327
621
566
170
833
241
59
214
1226
1815
1372
1648
1602
925
1912
1622
1924
1076
1722
1613
1102
761
1871
558
955
598
1659
153
1554
1016
1993
1753
1637
415
1923
326
656
1982
540
1883
1782
1913
1387
1240
694
1283
718
602
216
425
71
1318
1186
1815
1748
2013
269
1391
22
1823
391
0
1432
1901
415
1340
211
1072
1178
752
811
944
521
54
40
1215
1209
759
1690
1425
1184
1761
599
226
1560
331
95
1830
1722
117
1509
1986
117
926
1871
405
122
66
1349
1300
690
144
101
1083
198
141
155
1407
772
1845
689
1828
1590
1288
1926
1007
1620
5
693
1198
123
186
1168
112
984
895
517
1106
834
1866
391
1524
1882
492
592
1952
505
747
1344
1278
448
1905
1090
22
1177
1001
901
781
1006
1594
1980
1001
1653
1004
986
621
1900
1503
1728
718
1226
1991
98
1092
467
562
1029
972
1181
229
106
1629
118
1197
1524
1167
54
409
1949
932
2004
1785
1806
1641
645
776
118
529
135
1846
1119
1361
1693
1090
310
16
1652
1339
989
818
1440
967
303
1430
20
1827
581
74
221
386
879
81
27
541
1594
673
1317
1712
1074
1452
1415
50
798
1092
1140
980
1109
776
303
1970
1466
1615
921
1770
1029
814
1581
1610
760
1674
1869
1639
1755
1896
164
1333
553
1353
902
1500
790
301
1550
1460
1393
674
424
358
1322
599
312
773
198
1106
399
1099
1920
1980
565
536
1511
418
160
1122
299
196
440
724
1422
1342
208
196
1515
1758
1528
764
288
1952
1123
1611
407
1307
368
477
269
767
1576
45
603
125
582
1986
416
614
1093
587
682
1533
1311
88
731
1520
284
102
1134
1684
866
1423
1492
1989
1018
1899
1153
1258
232
1422
1897
1808
1468
356
1806
1922
327
78
520
1420
665
1202
809
1976
1163
1412
1352
1447
1514
343
988
364
1638
464
210
640
220
1235
1770
452
641
1651
117
1981
1879
1795
1887
190
1873
263
1610
394
1338
403
226
485
1815
1579
1804
1313
1794
776
1550
1416
1113
1632
1928
1333
851
1682
1657
1492
1189
1774
1330
1052
1425
1073
1243
1154
1337
709
1548
659
1113
1775
1144
784
1210
804
1970
988
1581
1504
260
678
992
172
1883
1843
1726
1524
1191
771
1155
377
1695
564
1451
922
1719
772
1504
1123
1303
601
882
303
1257
1964
1107
1211
936
544
571
1068
1222
1563
1240
961
1262
822
470
438
1593
1625
815
1273
45
122
51
1636
766
1555
744
53
12
1626
228
1270
1447
1336
465
367
1880
1037
1308
959
456
532
1920
1719
1355
246
141
804
1743
828
61
1661
951
2001
1281
1717
1412
9
1643
1425
1508
1871
551
939
1063
1016
1178
800
1925
470
1631
238
875
1407
1957
86
1654
1970
890
1253
654
824
898
1605
681
36
1179
77
45
678
1502
1425
533
37
220
1469
926
1271
253
707
1613
1884
945
472
1275
758
430
785
712
1193
23
1367
1889
793
828
554
829
1879
631
747
541
2006
28
947
27
249
400
825
1392
653
1405
989
393
206
1334
1668
965
1764
310
1549
813
333
900
686
998
1601
1240
1828
1464
1872
431
2006
1862
459
937
1761
580
1337
443
1972
1862
1720
818
239
1926
136
1779
747
1772
73
281
442
406
1053
1128
1277
638
353
1089
1975
81
1520
1837
1815
1851
758
1560
416
1967
1875
372
1685
1579
1062
1924
1362
1070
1687
93
699
1761
246
1141
23
1172
253
1172
1682
478
245
1641
559
1637
1462
230
1473
76
1791
1761
1915
1522
2005
1584
958
1052
1364
304
106
1036
269
677
653
388
1818
548
1560
1944
1721
1226
406
1838
852
838
1332
170
1068
661
247
715
406
18
222
267
1603
1052
1319
951
1356
1298
1859
1497
1975
368
1885
1650
789
1429
1578
366
512
1856
60
1364
678
1392
1406
1619
1925
1525
318
315
1544
412
583
1003
1464
1774
1826
676
928
1670
30
888
1910
1915
394
683
1201
1972
921
1585
1812
982
805
347
358
195
1966
140
1721
268
455
1121
553
910
108
1
541
1934
550
1469
1460
452
213
1227
223
607
1782
1424
563
688
865
232
1670
1670
579
1900
1866
529
24
1443
669
352
548
1222
1134
528
1096
1675
318
1518
1001
1651
1970
1214
862
177
1694
500
1474
241
1188
323
345
714
1994
796
471
1716
1325
367
1143
1867
591
1563
1073
1598
75
25
1257
393
1543
114
1916
1497
1329
762
1547
1007
1263
1005
1120
307
1200
1338
894
1178
118
1237
878
1316
1604
1893
1167
52
1440
96
1650
1515
122
763
1781
1537
878
1681
891
63
300
422
1070
1435
1299
46
1614
483
1384
492
1534
1375
1729
268
675
1190
146
1842
1242
1458
1810
876
830
1932
1639
595
1454
373
132
329
436
432
623
1506
1739
1922
1425
1338
261
665
1830
1667
24
1416
1936
699
590
1954
397
1832
1396
192
564
210
1996
59
677
1434
433
682
1635
869
1114
242
232
710
20
1657
32
154
306
1862
1821
203
1134
1613
774
1724
1423
1172
1412
676
1236
1848
758
1216
1908
1436
507
197
102
126
1066
1088
241
1170
1798
133
811
1702
287
990
1549
1981
1065
539
1578
1839
248
858
867
1532
1534
87
1365
276
1304
1129
1584
1811
1326
1558
1809
248
631
1922
1419
285
1928
214
1988
199
1076
1393
36
125
1932
1487
1837
36
329
688
1569
1735
776
918
2011
1952
31
1580
1619
1229
994
1284
1477
1497
1191
880
1783
1103
967
1627
1174
1915
876
1083
1913
664
554
1734
573
755
406
126
474
1054
916
341
990
819
1793
465
32
772
1750
1381
253
797
246
1908
1900
1213
1391
930
1112
123
1885
1009
788
423
599
1233
1050
1006
1231
1396
1932
3
1738
779
822
1515
1244
726
271
978
91
397
1647
337
289
1403
1422
1681
318
391
1804
187
1400
448
483
2000
1553
1405
862
768
786
778
771
508
1557
1465
1895
658
175
151
1508
139
420
1140
348
709
527
1771
246
717
146
35
777
1418
355
1132
1274
1909
521
2008
533
1307
771
1305
1687
184
754
1439
714
802
1462
207
941
1882
1347
1289
575
1746
916
822
448
934
729
1225
209
956
341
1483
721
862
1476
1255
26
103
416
1585
159
1170
1008
874
1844
326
953
769
192
284
1931
768
1902
703
1462
334
1510
47
1559
1719
1003
1772
1058
1597
619
518
836
517
493
1124
1974
525
150
839
1271
1995
1165
208
620
1358
364
407
1998
250
1111
1316
585
605
1363
0
180
222
1773
1238
1819
248
1629
511
637
106
1635
595
503
1786
1306
1774
1637
456
1854
241
1686
202
521
1668
325
1632
968
782
93
187
782
273
409
411
1511
85
659
996
596
1296
975
88
1764
1478
1746
1054
1109
1367
1382
947
1480
1052
1022
2001
704
1347
1489
1544
2001
1582
1603
767
1727
2013
1051
1095
82
1710
75
550
863
1050
638
611
513
240
1537
1494
1607
904
425
1072
1956
1447
929
517
650
403
1933
635
1857
1521
1275
1569
1518
310
520
1472
1892
595
1894
739
1518
517
1222
1903
757
744
1381
221
1520
1806
1165
1460
1110
78
1849
1760
353
1767
252
195
1272
1399
1636
646
1709
140
1990
1457
607
1868
181
109
241
1275
2012
871
1891
1377
964
1395
1040
113
712
134
63
545
1766
417
168
1890
484
1312
1273
104
1958
838
116
1804
280
723
1529
461
833
1642
1608
829
497
1484
63
1461
863
1103
1446
1575
1109
1382
1993
859
1671
145
606
139
1458
1879
115
1272
702
231
933
854
954
446
1187
1787
72
779
473
442
247
536
1775
983
1511
1078
414
604
444
391
1335
99
409
1941
238
1867
1677
225
995
235
456
1928
1089
1410
358
260
1054
303
911
1399
745
1159
1935
376
2014
1302
1454
412
1906
1898
676
1097
1997
1085
1023
91
936
556
188
1931
791
644
1844
1752
1927
58
1884
837
361
779
220
978
1810
11
1355
1808
1313
793
77
1203
548
753
284
401
1838
1179
365
630
1735
553
545
382
1198
245
118
981
304
2002
1818
537
638
22
1516
432
33
727
225
1346
1392
174
405
1940
927
561
326
749
1741
563
1379
1332
1116
1796
1715
298
26
1705
1279
202
1564
953
611
186
975
1999
618
880
710
715
210
1975
889
487
1899
1688
1049
81
421
646
644
1672
1978
1633
1453
1549
1931
1351
1239
1067
1425
659
1892
20
845
852
1892
1335
1732
586
35
1815
417
796
286
301
469
1335
254
762
1853
771
419
1816
388
1744
1221
175
951
316
1114
360
975
991
252
1820
1843
128
1012
1431
587
1047
1230
1004
1715
1389
1177
168
580
1304
931
418
59
1222
90
319
950
1311
494
1773
1500
1609
2005
459
456
241
136
155
242
1148
1586
701
51
673
1577
1766
1934
611
1807
498
1915
594
788
1846
1816
878
149
622
46
515
379
1546
108
368
1877
436
481
1885
591
595
1017
162
1168
940
707
602
563
625
1213
354
995
984
948
1784
686
620
646
835
1242
564
1222
1493
94
1203
1861
1972
1639
198
1841
215
794
715
249
1962
1527
956
548
74
1453
1633
428
432
473
1248
72
1159
1868
591
1866
1094
1155
1073
571
1250
260
288
1078
1899
359
775
1986
1153
1362
219
971
874
1175
1392
948
484
881
1249
789
1355
353
861
498
206
1452
221
1172
592
1294
1616
1714
1426
1776
776
1309
119
1423
1280
1144
770
1499
100
1644
531
1364
448
887
229
1569
1676
1456
1795
394
1827
2001
1846
32
1029
294
1326
501
2008
736
134
640
1917
253
48
1053
1398
690
409
1370
318
812
590
638
1699
691
192
1232
132
1859
1626
1959
1716
1328
1991
729
1623
1173
1103
1487
1909
1237
2000
1682
1362
1920
720
616
594
1129
1986
912
1941
432
1422
1624
1124
1486
840
1128
1329
322
943
1029
1651
790
1631
1130
1963
718
601
1728
1827
457
1394
1173
361
1986
1790
955
1099
1632
1739
896
1937
1146
377
1045
616
1089
29
1946
1412
972
831
1047
1762
446
161
1581
1164
634
1293
847
1092
543
5
1453
514
1667
393
1485
1283
116
366
1076
1134
743
1993
1751
1832
6
1553
1100
850
368
131
468
815
164
33
1851
671
1198
683
1763
1614
560
1072
2000
211
1337
1469
1366
1326
1707
427
444
434
276
51
123
283
1476
1095
1005
1845
1099
1474
516
1263
1507
223
1806
562
778
1553
160
1210
482
144
1421
1819
1485
644
1129
1177
943
1446
1483
1219
1497
1478
1374
958
558
364
659
1657
1838
1047
776
1201
1270
567
1635
1921
104
1795
1115
458
1811
521
262
1281
1037
1391
314
1852
693
1797
927
175
1132
286
1005
1690
650
1664
1331
344
695
1979
1417
1837
530
1037
1742
507
816
842
965
484
1235
1227
1765
128
475
1951
1980
1168
1604
891
1215
720
1177
204
394
1699
1740
1597
1915
419
1433
1317
113
1963
338
1855
454
1026
681
1292
1510
1788
503
1131
1916
850
1066
1752
1891
655
628
1090
1247
1677
1167
1642
1233
891
1095
1132
1183
512
433
1296
332
643
1135
658
1670
1689
1950
1164
1461
310
280
1234
1160
1218
970
1035
1745
1598
1998
977
1132
1149
475
349
1912
1570
1353
1079
1955
1659
359
143
286
1495
801
1956
1168
736
977
485
918
1257
1719
62
331
546
970
61
128
824
1038
1132
1973
1513
1353
1869
939
691
933
750
334
1292
893
620
643
1567
433
1683
159
1410
153
1077
523
1744
1139
854
274
1981
915
275
789
1825
1407
618
1322
617
344
246
1308
1149
996
1642
297
1762
118
941
1313
551
608
1472
1833
633
533
340
362
1544
1195
508
1510
1982
655
155
1792
47
774
1098
536
990
1216
1844
123
69
1342
420
1831
1460
1233
1000
1884
1842
328
1701
331
733
26
565
261
1093
1074
1643
1059
1729
1671
707
1648
429
1678
168
1291
878
1884
1414
819
1210
1706
634
527
924
1506
395
622
1834
80
953
423
1994
1519
685
1071
449
184
2003
34
1855
566
1555
140
228
1595
1431
1107
1464
701
1926
658
392
417
1185
1316
1795
1452
1810
1486
1405
747
1909
1383
122
450
311
443
635
170
478
346
736
1905
487
965
1484
1790
1944
932
476
1726
1463
740
2015
504
40
1795
1957
1722
1137
1346
453
1030
585
448
1481
896
891
1988
938
1241
318
1675
1130
677
496
599
452
424
1403
800
6
850
1540
6
1227
1452
1673
1168
1158
794
370
1611
1824
955
1931
1161
1724
807
1133
646
1920
1324
177
907
2001
673
1378
437
969
765
1237
976
1488
761
854
699
197
511
1867
1355
1305
221
823
985
1048
738
131
756
1417
1264
1403
1194
572
1580
85
558
110
1463
867
951
84
1977
1927
1572
722
637
127
792
1148
1994
3
437
71
698
1423
1120
1309
1426
1748
710
546
1135
1776
1119
572
1861
1549
554
1180
272
1505
1265
233
1289
693
828
1926
821
1620
931
671
1495
1240
743
178
519
1735
1487
1945
1339
53
476
459
1702
1467
903
1547
872
1329
584
1144
818
1849
1250
1979
398
62
1890
1219
1554
805
1891
1033
1917
490
1083
421
81
426
350
1420
352
698
1879
38
21
638
1457
893
1967
25
1910
642
1746
1144
605
129
1078
351
1348
616
1028
1095
1521
930
1585
461
1351
1666
887
1573
1071
1239
128
806
1149
149
1317
591
1043
1268
488
809
1782
219
1953
372
220
1015
723
1568
1503
1752
520
880
666
89
1341
1889
1628
85
1318
683
1324
1446
1489
330
1468
662
921
367
1931
1409
1176
1697
1500
1113
1941
1720
2000
649
1145
1359
257
1665
223
795
1626
1565
540
1238
1650
1858
1921
830
1161
1267
1160
613
1929
1953
980
1716
1219
140
1270
703
1125
1195
280
981
1716
1425
324
1845
946
547
624
556
1984
1164
1795
1490
879
1572
305
24
823
1337
637
609
1147
1489
309
350
1629
1451
925
610
503
1205
1591
203
486
1787
33
1432
318
529
1989
159
1694
1640
1649
557
1196
1826
453
1892
1020
1090
485
151
435
666
373
48
102
1298
658
605
360
105
680
846
1892
585
263
66
1115
108
225
665
1748
1747
1094
800
1557
1547
676
561
493
1033
712
928
1700
957
848
1674
240
1378
135
600
1483
687
1318
1231
1273
1453
1297
244
1561
1395
909
1165
1126
2003
1966
539
1406
498
1101
1899
1532
1685
683
1088
627
1531
618
739
765
753
1211
104
1312
513
1335
569
1967
616
813
1384
1883
1594
406
993
1453
228
1533
843
726
490
598
114
31
1153
1202
530
540
1692
1269
1305
301
336
1409
1614
850
728
167
673
1217
853
1929
1084
431
319
1950
1757
547
1339
584
1274
1701
1055
1388
1732
192
447
119
733
123
1260
22
297
1597
1304
1911
303
16
1950
976
1105
787
761
46
1091
1081
1996
832
1628
1191
1288
758
876
327
3
464
392
450
583
1125
445
1716
1019
742
1297
307
509
1472
196
444
304
1173
1103
1065
1219
178
130
1071
882
1631
246
155
373
994
354
376
1331
746
698
1786
1743
1016
1486
747
1630
639
926
124
95
994
568
271
24
1671
1337
1243
1722
1339
171
460
954
289
615
1328
1284
842
1704
599
1460
259
369
1188
1275
1728
1807
889
351
717
1013
319
1584
1453
590
1608
981
1799
707
559
1123
878
1019
61
1040
1507
1261
180
333
822
779
1793
1081
1020
837
340
604
628
1101
828
1218
1987
1147
786
1424
1609
250
261
1265
957
820
372
1708
1840
305
732
1331
1567
784
1536
373
1435
1185
1454
439
7
1666
916
635
751
1744
1725
722
747
495
3
340
617
264
1477
1575
1085
1849
1139
781
11
1743
1984
1578
511
1376
1823
1946
545
1261
241
424
783
1157
932
1534
757
641
113
1504
1009
116
1717
1626
252
1178
1185
1209
884
180
1990
895
1923
1830
457
290
1190
136
220
1608
1397
334
16
36
1363
820
1570
105
1462
1555
1609
455
1671
1182
65
1796
217
1123
989
1101
1175
964
1996
955
778
309
1245
1841
445
1338
1433
1714
1544
1321
1750
891
126
1176
996
1588
716
462
1915
243
1516
1980
23
1733
959
1013
818
119
1849
670
1074
483
851
175
180
1168
1385
1613
866
913
919
472
1805
917
1649
657
489
221
991
388
336
492
224
360
209
1056
1245
900
1047
950
1570
1993
1433
278
152
1614
1446
1538
1083
297
435
1874
641
96
775
146
754
1264
239
1617
1524
576
93
1621
936
175
533
37
1075
1580
987
501
1557
276
779
1709
1762
210
1103
830
379
1411
688
892
1507
1464
1039
117
584
1278
1735
1981
1726
1700
1458
646
1875
1991
555
934
1555
1542
1308
968
1691
71
661
1437
153
1637
251
404
1032
812
1297
395
132
192
513
588
1342
104
425
1053
1804
1883
1571
1664
1730
111
454
1141
1525
1762
93
1200
1706
627
622
1731
248
745
2008
1152
1429
1161
1547
1433
1353
1932
6
679
1908
431
1604
1697
171
1160
1217
1773
1143
1543
899
652
1162
864
1725
724
1491
331
439
1611
948
303
747
234
1464
279
1667
801
67
1673
1353
1976
1977
813
1657
4
1973
730
1777
1100
257
532
1625
1419
1269
1334
127
744
1537
439
340
469
742
1087
703
63
1238
355
736
1306
1900
73
1266
1733
759
779
1737
716
1509
1371
1689
1766
1775
1298
1042
1028
488
1041
1645
9
1352
1985
350
1967
928
1054
14
151
1281
750
1329
1037
696
579
755
1455
1358
348
155
723
1719
1716
345
1351
870
1387
363
1358
285
2008
1367
1637
1849
1718
1588
634
628
1602
657
1781
209
1986
802
905
421
1429
344
1651
1778
371
358
1481
1960
703
816
814
1963
1052
157
104
916
1396
1613
750
970
1186
1384
1470
644
1913
1235
725
1883
1910
1630
288
1323
1846
1939
1085
202
153
423
146
728
1111
832
547
147
861
651
936
242
249
1558
1084
1307
798
539
1823
695
1774
533
562
1540
19
722
848
1866
517
1805
52
670
212
70
1398
1324
902
1818
1343
1764
325
135
1878
446
1693
946
1753
475
1485
1433
1170
1116
1838
1604
640
1857
310
1360
1707
827
1150
1631
1369
1362
1573
624
542
332
426
1758
1968
751
1893
1830
1198
1443
632
807
1918
1990
224
1073
962
1934
533
1474
1776
844
819
1339
1543
1969
827
897
1187
256
1521
1602
588
1819
1216
540
554
965
226
1624
392
859
416
295
833
512
1240
1667
303
1773
1125
63
473
1944
1274
1
1769
1973
898
813
214
275
399
802
78
1487
1215
504
436
1441
113
829
284
401
996
989
785
220
512
1088
1865
1638
1023
323
1566
282
196
1192
111
1094
2005
325
1241
260
1000
1319
1747
199
1823
39
1640
1808
740
1797
65
1736
642
851
1828
1155
1939
1678
777
819
1873
199
973
53
1263
1084
1019
1252
1282
244
1384
266
1435
1115
465
1114
1027
1977
779
1767
1758
844
1488
257
1695
1172
1412
1491
706
45
294
563
116
1139
488
1380
207
1507
488
1489
1623
1873
1627
1042
844
76
13
1871
38
792
1495
1668
1636
839
1925
1188
2011
1193
663
702
1110
829
1137
1099
1968
1626
463
31
989
823
1393
597
680
1004
1511
1397
1081
1524
1252
991
172
603
515
1809
1442
297
981
1438
1362
1516
2012
457
329
1133
1556
153
615
1891
184
1605
698
1449
186
1251
438
1569
632
1391
1078
1756
238
1250
344
753
915
1658
1050
1768
952
397
1268
948
726
1597
1954
138
1622
553
13
1679
142
583
1112
200
1834
1550
1770
322
797
832
63
1035
1954
279
1789
726
1937
695
478
746
1092
1747
1694
1690
1200
1632
1828
679
42
1841
342
184
281
1454
385
1987
861
139
294
1658
843
229
678
653
380
323
1379
173
1018
1730
919
1983
1333
470
1657
389
1974
1470
1068
0
1167
1410
57
1448
721
442
1292
1582
453
1458
1224
1168
1687
1774
1821
1939
81
1057
96
1100
643
888
1067
1976
1358
708
349
1316
34
1418
1189
1202
684
1246
506
1405
1560
1670
971
1885
1112
180
1037
655
1954
714
578
1908
1643
547
992
270
1435
1931
230
649
623
580
1965
530
1870
1010
1604
538
240
1982
1944
1800
1637
899
1669
733
951
562
1389
762
1277
1839
654
904
370
1518
1175
1677
1433
1277
310
1928
1729
132
442
1583
1142
1918
1994
1383
1885
1922
1039
1506
677
565
95
1501
1127
1484
119
260
1180
645
1037
1550
147
196
1212
1452
1345
1522
1364
1059
1526
1679
498
653
1581
476
1908
1450
254
803
812
932
1368
908
289
352
248
408
484
1428
1053
1521
835
1072
1589
31
508
919
1425
1872
1850
936
1407
332
1461
973
681
1353
279
935
140
964
1739
1381
1872
1900
1605
1992
292
73
1277
1217
1467
96
273
912
2015
781
1703
1296
638
1537
88
29
1742
1549
874
407
758
1026
1214
899
1990
810
136
1718
694
1613
1694
987
1558
955
60
1009
923
334
1922
922
1115
1609
203
1625
1003
291
1655
601
1713
385
880
455
1411
78
1226
1257
760
1362
959
1455
959
638
298
502
1465
358
1383
373
692
1161
1167
1808
627
1370
1417
1630
1534
928
215
1231
1186
1095
1558
453
1045
769
1711
1806
115
526
1117
947
1036
1415
1321
486
1645
688
731
194
1850
1898
2002
333
1125
1275
1963
643
60
34
1746
1118
1001
1288
1571
1918
41
1138
1580
29
1665
681
848
685
1968
153
1043
1598
713
1646
1792
419
1529
1650
752
510
781
571
1025
713
477
755
1831
1478
1915
1259
1381
1829
381
817
1730
1918
1499
562
460
1451
587
1503
905
1172
1006
553
1592
391
59
200
901
713
772
1926
1426
1249
537
1114
584
308
357
1837
121
738
638
1851
513
121
269
973
1445
728
332
206
1901
1338
632
1477
1729
691
1677
614
1276
305
396
687
1555
933
1801
2011
1114
14
1832
1235
624
454
943
1137
448
1212
94
1893
1941
427
1971
1698
1637
587
1159
1351
1151
692
1837
411
870
90
970
281
895
627
276
2009
641
92
1229
1138
418
28
259
866
1112
354
615
909
653
571
591
146
1030
1622
1369
165
299
1191
449
1169
1153
1291
1450
32
1791
1598
26
416
1690
1127
1426
92
1027
1686
831
123
1912
1446
1033
421
1
1496
567
1032
1103
1937
1069
1274
984
1518
427
121
666
1749
153
441
1203
51
729
749
1050
140
841
61
1826
1544
185
1722
975
1090
2015
976
570
566
1880
1673
487
934
931
1343
308
1230
1464
974
835
1490
1415
22
1413
129
771
448
269
1485
381
1967
1013
438
1673
1860
1400
1672
821
1971
94
685
1500
454
1619
288
1797
1800
1390
1118
758
82
592
158
104
1877
287
748
181
428
89
563
379
974
873
1924
819
258
1452
1512
85
1418
181
1457
1872
1673
1745
1654
1457
1120
628
71
1074
1092
229
1178
953
388
1798
1135
688
1759
1570
1067
718
427
847
1409
557
155
905
642
1574
958
84
1430
487
1701
940
1816
677
1440
1888
1751
516
101
786
1470
362
440
461
1050
184
1903
1990
774
186
693
167
744
849
944
1258
279
1902
1342
1709
374
900
506
174
1577
1946
1934
1185
447
20
1971
1789
254
395
106
1304
451
2009
1278
1225
179
1844
1264
923
677
192
166
956
1967
1380
521
325
136
899
371
1714
702
290
883
1021
182
710
794
436
1105
900
1612
1557
765
747
766
944
575
1903
1740
1252
79
1778
64
30
1142
457
227
1279
1357
471
849
43
633
1604
936
815
298
1730
1123
1403
486
719
816
1251
1466
1455
51
1913
1342
1791
1021
1421
1553
1085
1324
552
1415
1551
1703
756
6
536
671
511
124
1607
1326
422
1193
305
1825
1551
897
498
658
347
1953
709
117
1279
485
1138
684
1910
80
2008
446
1495
1416
133
107
1294
669
650
1806
665
241
988
1087
1306
1294
769
841
175
1267
1371
394
1076
64
511
339
421
1650
1023
316
1602
888
634
1081
160
768
1188
1454
1309
1838
1244
1847
1951
89
790
1113
1383
1431
1826
1430
554
1181
1696
1630
1117
192
1969
1539
1714
849
1727
1300
1737
345
237
1769
985
1425
1207
151
1119
308
1870
1054
397
644
23
1652
60
1849
1066
614
1014
746
229
115
810
182
1526
380
1031
1237
1552
624
1455
1789
377
296
1198
1457
447
301
1765
301
1227
18
818
1250
1670
878
955
592
1492
1969
1210
1593
1957
1893
1776
1467
257
663
561
1810
1288
0
1583
1537
296
638
978
616
811
599
789
1911
617
1607
1145
143
341
85
607
1706
1926
1690
1283
1739
1567
915
1063
1696
1451
1624
1362
595
1496
802
116
1664
1440
967
136
107
1566
926
2
40
389
1020
55
603
977
535
293
759
209
1448
483
1648
220
1546
1328
1671
1026
547
250
506
1349
238
154
645
1205
291
752
628
1089
627
540
1350
1647
467
1825
608
1002
102
1239
1211
1423
1722
715
1515
1124
1916
1170
134
447
1292
640
1668
1530
667
169
592
958
921
1092
1919
1420
1504
1125
1051
1971
935
1531
958
909
627
25
316
333
741
1831
1458
513
857
1592
960
