1
4
5
6
7
8
9
10
11
12
13
14
16
17
18
19
20
21
22
23
24
25
26
27
28
31
32
33
34
35
36
37
38
39
40
42
43
44
45
46
47
48
49
50
51
52
53
56
57
58
59
60
61
63
65
66
67
68
70
71
72
73
74
76
77
78
79
80
81
82
83
84
86
87
88
89
90
91
92
93
94
95
96
97
98
99
100
102
103
104
105
106
108
109
110
112
113
114
115
116
118
120
121
122
123
125
126
127
129
130
131
134
136
137
138
139
140
141
143
144
145
146
147
148
149
150
151
152
153
154
155
156
157
158
159
160
161
162
163
164
165
168
169
170
171
172
173
174
175
176
177
178
179
180
181
182
183
184
185
186
187
188
189
190
191
192
193
194
196
197
198
199
200
201
202
203
205
206
207
208
209
210
211
212
213
214
215
217
218
219
220
221
222
223
224
225
226
229
230
233
234
235
236
238
240
241
242
243
244
245
246
247
248
249
250
251
252
253
254
256
257
258
259
260
261
263
264
265
266
267
268
269
270
271
272
273
274
275
276
277
279
280
281
282
283
285
287
288
289
290
291
292
293
294
295
296
297
298
299
300
301
302
303
304
305
307
308
309
310
311
312
313
314
315
316
318
319
320
321
322
323
324
325
326
327
328
329
330
331
332
333
334
337
338
339
341
342
343
344
345
346
347
348
349
351
353
354
355
356
357
358
360
361
362
363
364
365
366
367
369
370
371
372
373
374
375
376
377
378
380
382
383
384
385
386
387
389
390
391
392
393
394
395
397
398
399
400
401
402
403
404
405
406
407
408
409
410
411
412
413
414
415
416
417
419
420
421
423
424
425
426
427
428
429
430
431
432
433
435
436
437
438
439
440
441
442
443
444
445
446
447
448
449
450
451
452
453
454
455
456
458
459
460
461
462
464
466
467
468
469
470
471
472
473
474
475
476
477
478
479
480
482
483
484
485
486
487
488
491
492
493
494
495
496
497
498
499
500
501
502
503
505
506
507
509
511
512
513
514
515
516
517
518
519
520
521
522
523
525
527
528
529
531
532
533
534
535
536
538
539
541
542
543
544
545
547
548
550
551
552
554
555
556
557
558
559
560
561
562
563
564
565
566
567
568
569
570
571
572
575
576
577
578
579
580
581
582
583
585
588
589
590
591
592
593
594
595
597
598
599
601
602
603
604
605
606
607
608
609
610
611
613
614
615
616
617
618
619
621
622
623
624
625
626
627
628
629
630
631
632
634
635
636
637
638
639
641
642
643
644
645
646
647
648
650
651
652
653
654
655
656
658
659
661
662
663
664
665
666
667
669
670
671
672
673
674
675
676
677
678
679
680
681
682
683
684
685
686
687
688
689
690
691
692
693
694
695
696
697
698
699
700
701
702
703
704
705
706
707
708
709
710
711
712
714
716
717
719
720
721
722
723
724
725
726
727
728
729
731
732
733
735
736
737
738
739
740
741
742
743
744
745
746
747
748
749
750
751
752
753
754
755
756
757
758
759
760
761
762
763
765
766
767
768
769
770
772
773
774
775
776
777
778
779
780
781
782
784
785
786
787
788
789
790
791
792
793
794
795
796
798
799
800
801
803
805
806
807
808
811
812
813
814
815
816
817
818
819
820
821
822
823
824
825
826
827
829
830
832
833
834
835
837
838
839
840
841
842
843
844
846
848
849
850
852
853
854
855
856
857
858
860
861
863
864
865
866
867
868
869
870
871
872
873
874
875
876
877
878
879
880
881
883
884
885
886
888
889
890
891
892
893
894
895
896
897
898
899
900
901
902
903
904
905
906
907
908
910
911
912
913
914
915
916
917
918
919
921
923
925
926
927
928
929
930
933
935
937
939
940
941
942
943
944
945
946
947
948
949
950
952
954
955
956
958
959
960
961
963
964
965
966
967
968
969
970
971
972
973
974
975
976
977
978
979
981
982
983
984
985
986
987
989
990
991
993
994
995
996
997
998
999
1000
1001
1002
1003
1004
1005
1006
1007
1008
1009
1011
1012
1014
1015
1017
1018
1019
1020
1021
1022
1024
1025
1026
1027
1028
1029
1030
1031
1032
1033
1034
1035
1036
1037
1038
1039
1040
1041
1042
1043
1044
1045
1046
1048
1049
1050
1051
1052
1055
1056
1057
1058
1059
1061
1062
1063
1064
1065
1067
1068
1069
1070
1072
1074
1075
1076
1077
1078
1079
1080
1081
1082
1083
1084
1087
1088
1089
1090
1091
1092
1093
1095
1096
1097
1098
1099
1100
1101
1102
1103
1104
1106
1107
1108
1109
1110
1111
1112
1113
1114
1115
1117
1118
1119
1120
1121
1122
1123
1125
1126
1127
1128
1129
1130
1131
1132
1133
1134
1135
1136
1139
1140
1142
1143
1144
1145
1147
1148
1149
1150
1151
1152
1154
1155
1156
1157
1158
1159
1160
1162
1163
1164
1165
1166
1169
1170
1171
1172
1173
1174
1175
1176
1177
1178
1179
1180
1184
1185
1188
1189
1191
1192
1193
1194
1195
1196
1198
1199
1200
1201
1202
1203
1204
1205
1207
1208
1209
1210
1211
1212
1213
1214
1215
1216
1217
1218
1220
1221
1222
1223
1224
1225
1226
1227
1228
1229
1230
1231
1232
1233
1235
1236
1237
1238
1239
1240
1241
1242
1243
1244
1245
1246
1247
1248
1249
1251
1252
1253
1254
1256
1257
1259
1260
1261
1264
1265
1266
1267
1268
1270
1271
1272
1273
1274
1275
1276
1277
1278
1279
1281
1282
1283
1284
1285
1286
1289
1292
1294
1295
1296
1297
1298
1299
1300
1301
1302
1304
1305
1306
1308
1309
1310
1311
1313
1314
1315
1317
1318
1321
1323
1325
1326
1327
1328
1329
1330
1331
1332
1333
1335
1337
1338
1339
1340
1341
1343
1344
1345
1346
1347
1349
1350
1351
1352
1353
1355
1356
1357
1358
1359
1360
1361
1362
1363
1364
1366
1367
1368
1369
1372
1373
1374
1376
1377
1378
1379
1380
1381
1382
1383
1386
1387
1388
1389
1390
1391
1392
1393
1394
1395
1396
1398
1399
1400
1401
1402
1403
1404
1405
1406
1407
1408
1409
1410
1411
1414
1415
1419
1421
1422
1423
1424
1425
1426
1427
1428
1429
1430
1431
1432
1433
1435
1437
1438
1439
1440
1441
1442
1445
1446
1448
1449
1451
1452
1453
1454
1455
1456
1457
1458
1459
1460
1461
1462
1463
1464
1465
1466
1467
1468
1469
1471
1472
1473
1474
1475
1476
1477
1478
1479
1482
1483
1484
1485
1486
1487
1488
1489
1490
1491
1492
1493
1495
1496
1497
1498
1499
1500
1501
1502
1503
1504
1506
1507
1508
1509
1510
1511
1512
1513
1514
1515
1516
1518
1519
1520
1521
1522
1523
1524
1525
1526
1527
1528
1529
1530
1531
1532
1533
1534
1536
1537
1538
1539
1540
1541
1542
1543
1544
1545
1546
1547
1548
1549
1550
1551
1552
1553
1554
1555
1557
1558
1559
1560
1562
1563
1564
1566
1567
1568
1569
1570
1571
1572
1573
1574
1575
1576
1577
1579
1580
1581
1582
1583
1584
1585
1586
1587
1588
1590
1591
1593
1594
1595
1596
1597
1598
1600
1602
1603
1604
1606
1607
1608
1609
1610
1612
1613
1614
1615
1616
1617
1618
1619
1621
1622
1623
1624
1625
1627
1628
1629
1630
1631
1632
1633
1635
1636
1637
1638
1639
1640
1641
1642
1643
1644
1645
1646
1647
1648
1650
1651
1652
1653
1654
1655
1656
1658
1659
1660
1661
1662
1663
1664
1665
1666
1667
1668
1669
1671
1672
1673
1674
1675
1676
1677
1678
1682
1683
1686
1687
1688
1689
1690
1691
1692
1693
1694
1695
1696
1697
1698
1700
1701
1703
1704
1705
1706
1707
1708
1709
1710
1711
1713
1714
1716
1718
1720
1721
1722
1723
1724
1725
1726
1729
1730
1732
1733
1734
1735
1736
1737
1739
1741
1742
1743
1744
1745
1746
1748
1749
1750
1751
1752
1753
1754
1755
1756
1757
1758
1759
1761
1763
1765
1767
1769
1770
1771
1772
1773
1774
1775
1776
1777
1778
1779
1780
1781
1783
1784
1787
1788
1790
1791
1792
1793
1794
1796
1797
1798
1799
1800
1802
1803
1806
1807
1808
1809
1812
1813
1814
1815
1816
1817
1818
1819
1820
1821
1822
1823
1826
1827
1828
1829
1831
1832
1833
1834
1836
1837
1839
1840
1842
1844
1845
1846
1847
1849
1850
1851
1852
1853
1854
1855
1856
1858
1859
1862
1864
1867
1868
1869
1872
1876
1878
1879
1881
1883
1884
1885
1886
1887
1888
1889
1892
1893
1895
1896
1897
1901
1902
1903
1904
1905
1906
1907
1908
1909
1911
1912
1913
1915
1916
1917
1919
1920
1922
1923
1925
1926
1928
1929
1932
1933
1935
1936
1938
1940
1942
1944
1945
1946
1949
1950
1954
1958
1960
1961
1963
1965
1967
1970
1971
1975
1976
1977
1979
1980
1981
1982
1987
1988
1991
1992
1995
1997
1998
1999
2000
2005
2007
2009
2012
2015
2016
2018
2021
2022
2024
2027
2029
2031
2032
2034
2036
2037
2040
2041
2042
2045
2047
2048
2049
2050
2051
2053
2057
2059
2061
2062
2064
2065
2069
2070
2071
2078
2079
2082
2083
2084
2089
2091
2092
2094
2096
2098
2100
2102
2106
2107
2111
2115
2118
2119
2123
2124
2125
2126
2127
2128
2131
2132
2133
2136
2137
2140
2141
2142
2144
2145
2147
2148
2150
2151
2152
2156
2159
2164
2168
2171
2173
2182
2188
2189
2190
2191
2194
2197
2199
2200
2201
2204
2205
2209
2211
2214
2215
2219
2220
2221
2222
2224
2227
2228
2229
2230
2231
2235
2237
2241
2242
2243
2246
2247
2248
2254
2259
2267
2275
2284
2286
2288
2305
2313
2316
2317
2320
2323
2329
2333
2335
2336
2344
2352
2362
2375
2376
2378
2382
2386
2387
2396
2406
2410
2413
2415
2419
2422
2431
2434
2437
2439
2444
2445
2447
2453
2454
2457
2462
2464
2465
2468
2472
2473
2474
2490
2498
2501
2504
2526
2527
2528
2529
2532
2533
2534
2535
2536
2538
2542
2545
2552
2558
2563
2564
2580
2583
2593
2595
2597
2599
2600
2610
2617
2621
2631
2641
2643
2644
2646
2654
2658
2660
2666
2671
2672
2676
2678
2679
2688
2689
2690
2698
2708
2709
2712
2717
2718
2723
2728
2729
2736
2739
2748
2752
2753
2761
2762
2763
2765
2784
2785
2786
2794
2801
2812
2828
2833
2841
2849
2850
2856
2861
2864
2865
2866
2869
2874
2875
2879
2887
2892
2893
2914
2921
2924
2927
2931
2932
2944
2951
2960
2961
2969
2976
2978
2997
3014
3023
3024
3027
3058
3093
3105
3111
3131
3149
3154
3158
3162
3176
3178
3186
3189
3191
3206
3209
3214
3222
3227
3230
3235
3240
3253
3275
3282
3289
3290
3298
3316
3325
3340
3351
3354
3358
3361
3374
3391
3413
3428
3431
3438
3444
3457
3470
3478
3496
3504
3523
3533
3534
3557
3570
3571
3574
3583
3587
3593
3604
3615
3617
3705
3710
3742
3765
3776
3819
3878
3902
3973
3977
4004
4048
4097
