50
20 650
511 553 564 590 522 568 552 594 588 553 505 514 587 598 593 554 597 597 571 510 
20 650
578 566 573 526 525 566 581 561 551 540 504 515 594 520 505 568 540 509 514 529 
20 650
562 520 595 501 518 540 555 516 538 579 578 516 545 552 594 570 518 575 584 522 
20 650
568 540 537 562 561 542 530 501 551 545 582 565 517 530 518 535 570 525 503 560 
20 650
504 534 528 501 538 522 524 556 550 508 530 518 548 567 532 509 561 562 563 564 
20 650
559 545 581 576 575 599 564 598 577 567 510 533 501 539 535 539 513 559 548 515 
20 650
567 530 585 567 598 517 577 511 532 592 576 591 537 509 520 565 509 584 515 538 
20 650
503 525 571 557 516 506 596 530 517 596 545 536 527 531 504 577 500 533 540 532 
20 650
525 568 524 514 578 544 531 539 580 546 577 583 524 548 540 540 507 589 522 524 
20 650
537 520 561 516 503 565 593 503 598 586 536 575 554 512 589 532 508 521 571 588 
20 650
519 548 571 543 549 564 536 556 553 558 580 590 530 541 507 533 558 552 537 508 
20 650
538 525 583 545 537 573 577 545 546 501 585 517 501 508 561 550 572 549 506 577 
20 650
559 539 520 590 580 579 575 591 531 512 599 522 589 583 567 526 508 596 523 506 
20 650
597 508 523 599 569 536 549 593 585 508 571 597 547 591 587 579 522 562 570 553 
20 650
527 570 527 516 505 546 595 565 543 518 571 592 579 594 591 500 531 593 593 568 
20 650
501 564 565 548 507 504 579 529 519 550 535 546 572 514 514 529 561 509 594 504 
20 650
580 565 548 511 511 540 511 594 533 504 563 586 521 580 534 528 585 565 510 504 
20 650
515 545 502 539 511 568 568 572 578 562 528 510 579 577 521 591 517 532 537 502 
20 650
588 500 588 509 533 574 590 518 539 500 574 507 597 576 546 508 544 515 533 574 
20 650
529 561 584 509 538 557 500 507 541 589 561 530 590 501 539 523 527 529 593 519 
20 650
581 567 526 530 595 572 539 591 539 572 518 569 585 554 578 576 512 530 583 553 
20 650
519 597 535 561 598 575 536 578 556 529 597 590 548 523 520 543 547 559 587 539 
20 650
583 505 508 569 559 538 545 571 520 580 577 539 529 512 553 580 539 589 558 596 
20 650
571 555 586 519 578 558 515 577 518 502 516 553 559 524 574 518 514 519 542 534 
20 650
552 519 526 581 531 579 513 571 520 571 519 591 526 557 563 556 515 530 534 585 
20 650
584 502 591 543 579 565 561 593 537 503 580 589 574 506 522 558 537 536 529 557 
20 650
559 500 501 586 509 516 594 524 546 580 562 582 583 553 525 562 518 538 507 507 
20 650
594 587 596 568 545 571 578 582 559 559 540 518 559 593 556 568 561 503 545 559 
20 650
583 559 541 518 512 518 532 582 556 540 590 502 579 538 523 525 561 501 507 520 
20 650
561 599 591 572 544 599 593 505 502 590 564 586 549 557 504 561 575 537 595 584 
20 650
529 537 586 560 576 561 585 537 515 545 510 528 596 553 500 541 552 545 598 555 
20 650
535 515 593 584 572 549 597 548 538 593 532 567 530 570 528 558 584 565 548 599 
20 650
562 558 527 559 511 579 552 563 525 502 570 560 517 515 597 590 565 594 590 503 
20 650
539 574 523 522 596 503 580 580 520 528 531 583 538 510 542 549 590 546 565 567 
20 650
548 587 527 566 503 524 508 520 571 598 575 510 524 598 584 520 553 565 501 574 
20 650
545 584 557 536 595 551 537 537 597 502 504 597 542 583 563 597 560 523 517 531 
20 650
573 592 593 597 543 578 518 596 595 571 522 540 507 531 576 502 582 514 539 531 
20 650
568 595 529 562 579 544 559 539 568 528 522 541 521 515 591 516 593 509 564 588 
20 650
532 587 581 539 518 509 594 553 575 585 584 544 581 513 558 512 510 518 551 578 
20 650
546 573 571 519 540 562 535 534 523 500 574 507 539 555 599 509 565 593 562 540 
20 650
578 547 536 559 512 595 571 522 565 574 552 563 599 576 535 540 538 522 526 514 
20 650
574 552 573 513 508 572 523 525 565 537 517 544 536 554 555 549 501 579 523 518 
20 650
505 528 581 557 504 568 549 594 591 575 508 565 527 534 531 587 506 506 564 572 
20 650
543 582 568 580 536 575 581 589 506 556 507 512 584 540 521 588 509 570 583 500 
20 650
597 543 517 576 577 548 564 584 554 528 508 598 510 576 530 598 503 511 539 510 
20 650
567 546 574 552 539 595 592 548 565 575 500 562 519 569 538 548 518 554 532 524 
20 650
535 540 522 597 568 504 548 524 515 587 534 535 586 508 539 525 555 531 525 520 
20 650
559 577 534 578 546 524 578 516 531 511 541 566 503 515 515 524 520 563 548 587 
20 650
503 534 522 589 594 513 566 549 545 591 521 556 520 555 534 518 531 564 535 562 
20 650
575 576 580 531 591 548 507 563 511 555 551 566 589 573 555 583 539 521 584 584 
