1: 1 42 44 69 79 80 
6.90000
2: 2 39 43 75 78 
6.80000
3: 3 54 55 68 70 76 
7.00000
4: 4 57 60 62 63 64 
6.60000
5: 5 49 51 52 53 59 
7.00000
6: 6 48 50 56 58 
6.60000
7: 7 30 32 61 
6.60000
8: 8 35 46 47 
6.60000
9: 9 33 36 45 
6.00000
10: 10 
1.60000
11: 11 25 26 27 
6.20000
12: 12 
2.40000
13: 13 21 22 23 24 
8.50000
14: 14 
2.50000
15: 15 28 29 31 
6.40000
16: 16 34 37 38 
5.60000
17: 17 40 41 72 
6.40000
18: 18 71 73 77 84 87 89 90 
9.10000
19: 19 65 66 67 74 82 83 
7.20000
20: 20 81 85 86 88 91 92 
8.50000

3.625875
