997 1000 96
751 341
887 537
95 619
249 4
779 484
564 604
841 690
458 480
754 994
360 416
528 120
405 457
481 701
58 594
686 989
325 600
790 606
712 359
885 629
776 642
851 547
137 788
990 216
773 816
576 647
198 103
721 3
282 608
277 936
321 884
868 797
163 58
161 920
683 480
873 530
762 564
605 5
788 954
124 787
475 303
736 417
147 445
212 100
402 135
644 50
194 776
722 741
6 455
188 651
530 470
243 66
254 371
620 18
593 622
949 339
623 588
885 984
233 572
587 500
194 392
657 436
472 430
933 413
858 271
843 256
440 479
988 595
189 167
323 675
209 592
997 350
307 593
917 653
674 426
386 761
242 465
761 110
683 125
266 950
163 794
84 959
197 781
56 487
666 560
780 454
757 623
868 918
906 900
108 495
551 840
819 830
162 715
382 318
546 263
757 567
974 744
