999 998 97
9 339
960 41
249 137
644 862
927 193
117 754
516 873
60 821
755 398
822 756
211 300
665 413
565 986
323 686
747 495
640 501
650 630
199 156
947 782
51 11
533 598
702 894
313 120
448 95
680 915
606 432
583 500
958 984
323 525
536 286
207 395
270 366
170 312
218 684
305 527
526 935
219 822
11 305
736 515
916 317
281 653
755 191
663 367
766 497
589 381
910 377
621 821
128 118
318 659
393 177
77 60
670 778
396 191
522 511
98 411
671 381
22 368
656 917
321 114
904 966
85 947
335 573
614 733
36 270
74 409
921 517
642 784
511 433
896 660
340 884
934 702
542 430
393 942
318 502
848 171
609 499
755 914
128 830
235 131
237 430
239 595
826 268
10 655
696 879
179 320
393 797
608 998
790 365
309 64
776 9
363 178
346 950
572 270
830 276
359 396
802 625
840 51
