1000 996 100
200 124
857 581
267 527
434 306
189 575
808 81
669 576
914 361
757 868
635 519
942 751
282 580
961 760
546 975
883 785
618 723
88 55
263 364
300 643
56 578
205 883
130 643
845 593
709 899
896 685
543 617
497 250
912 735
233 692
390 860
114 359
946 193
176 921
906 542
418 963
864 675
968 125
931 378
597 138
716 594
327 71
260 773
388 739
796 222
896 430
165 418
268 895
754 16
465 596
98 234
190 689
874 510
309 877
171 401
340 833
311 175
835 353
50 339
466 16
558 208
717 377
96 348
586 379
410 928
594 774
520 916
511 403
318 713
165 475
873 996
979 311
550 384
684 10
473 823
905 653
807 981
873 283
5 818
404 869
194 793
612 704
146 445
534 483
877 831
183 778
431 124
442 675
473 988
705 651
225 414
66 832
61 354
644 930
317 369
777 530
138 280
975 470
90 128
666 895
981 528
