998 999 97
888 840
910 199
586 783
448 939
350 839
335 582
603 780
763 249
181 804
495 589
879 217
610 437
437 944
610 734
138 648
478 43
722 714
552 766
496 95
998 817
106 480
907 448
736 561
105 965
551 288
900 261
75 853
701 686
216 331
2 582
464 491
216 210
589 511
48 583
585 523
139 347
492 904
402 620
351 48
275 321
926 931
451 718
438 621
672 710
619 218
131 572
669 181
71 892
248 761
468 228
252 55
875 184
519 601
651 478
35 479
653 875
942 179
948 749
955 417
139 578
285 802
980 500
343 670
941 864
44 223
183 99
899 296
934 805
617 282
288 629
879 921
993 613
657 297
994 567
618 363
431 380
270 113
332 583
748 138
609 721
245 673
524 24
606 82
253 716
973 483
570 706
153 864
768 744
716 381
655 411
588 404
760 832
888 396
759 868
488 385
401 687
875 319
