996 999 97
604 448
919 912
77 272
459 661
474 148
827 320
733 65
664 151
762 638
483 661
832 567
778 524
34 987
859 370
389 749
543 253
185 434
837 228
569 745
797 262
11 293
636 99
451 601
477 111
354 756
269 953
682 332
311 862
188 1
609 397
971 674
451 74
991 185
70 501
572 337
407 59
863 756
877 924
290 158
683 84
520 55
802 751
299 751
347 429
322 15
944 811
877 671
389 580
15 763
877 310
150 452
16 696
573 335
979 757
725 970
138 796
72 261
694 197
496 695
583 30
44 87
683 732
984 840
620 661
477 760
815 157
267 22
381 942
118 946
746 479
942 601
315 898
763 627
528 154
295 154
47 995
610 800
815 208
81 405
241 528
770 888
903 871
494 897
494 692
631 40
557 501
28 137
226 365
711 129
68 614
118 45
482 383
140 864
16 410
342 314
667 120
932 189
