100 195
2 6
4 43
5 69
6 93
7 65
8 37
9 29
10 89
11 16
12 26
13 70
14 13
15 57
16 82
17 72
18 50
19 14
20 86
21 55
22 87
23 44
24 74
25 36
26 35
27 39
28 3
29 63
30 33
31 77
32 83
33 45
34 23
35 99
36 56
37 12
38 85
39 88
40 7
41 4
42 84
43 8
44 78
45 92
46 76
47 80
48 46
49 53
50 9
51 52
52 38
53 21
54 58
55 24
56 79
57 95
58 67
59 30
60 17
61 97
62 28
63 49
64 1
64 2
64 3
64 4
64 5
64 6
64 7
64 8
64 9
64 10
64 11
64 12
64 13
64 14
64 15
64 16
64 17
64 18
64 19
64 20
64 21
64 22
64 23
64 24
64 25
64 26
64 27
64 28
64 29
64 30
64 31
64 32
64 33
64 34
64 35
64 36
64 37
64 38
64 39
64 40
64 41
64 42
64 43
64 44
64 45
64 46
64 47
64 48
64 49
64 50
64 51
64 52
64 53
64 54
64 55
64 56
64 57
64 58
64 59
64 60
64 61
64 62
64 63
64 65
64 66
64 67
64 68
64 69
64 70
64 71
64 72
64 73
64 74
64 75
64 76
64 77
64 78
64 79
64 80
64 81
64 82
64 83
64 84
64 85
64 86
64 87
64 88
64 89
64 90
64 91
64 92
64 93
64 94
64 95
64 96
64 97
64 98
64 99
64 100
65 10
66 20
67 75
68 41
69 62
70 27
71 60
72 61
73 48
74 96
75 32
76 42
77 98
78 47
79 22
80 25
81 5
82 18
83 31
84 94
85 66
86 54
87 90
88 2
89 51
90 11
91 81
92 34
93 68
94 71
95 19
96 15
97 91
98 59
99 73
