1000 1995
2 421
3 782
4 494
5 531
6 690
7 400
8 687
9 625
10 359
11 325
12 598
13 229
14 161
15 408
16 23
17 973
18 301
19 505
20 849
21 811
22 664
23 740
24 830
25 33
26 29
27 386
28 946
29 108
30 168
31 596
32 773
33 506
34 360
35 299
36 619
37 704
38 434
39 681
40 46
41 455
42 187
43 442
44 918
45 249
46 636
47 163
48 582
49 838
50 779
51 463
52 42
53 564
54 496
55 581
56 294
57 544
58 887
59 39
60 179
61 193
62 353
63 867
64 374
65 137
66 948
67 268
68 583
69 130
70 994
71 377
72 198
73 312
74 376
75 777
76 964
77 669
78 989
79 206
80 621
81 91
82 608
83 102
84 829
85 648
86 616
87 656
88 643
89 907
90 100
91 282
92 213
93 667
94 401
95 901
96 12
97 727
98 378
99 753
100 602
101 147
102 157
103 633
104 298
105 263
106 150
107 586
108 847
109 713
110 828
111 750
112 375
113 831
114 446
115 190
116 745
117 489
118 129
119 175
120 977
121 256
122 818
123 725
124 824
125 947
126 620
127 21
128 425
129 985
130 53
131 873
132 279
133 951
134 176
135 117
136 362
137 672
138 933
139 525
140 200
141 368
142 302
143 123
144 104
145 678
146 139
147 931
148 662
149 848
150 638
151 934
152 220
153 530
154 836
155 767
156 332
157 180
158 142
159 466
160 760
161 20
162 999
163 864
164 383
165 75
166 960
167 559
168 395
169 569
170 436
171 822
172 902
173 498
174 497
175 15
176 416
177 257
178 393
179 577
180 292
181 297
182 686
183 991
184 351
185 103
186 470
187 138
188 85
189 513
190 814
191 607
192 896
193 276
194 254
195 273
196 520
197 121
198 635
199 665
200 158
201 793
202 96
203 387
204 833
205 241
206 238
207 205
208 336
209 823
210 561
211 391
212 961
213 912
214 567
215 574
216 540
217 679
218 331
219 763
220 110
221 588
222 952
223 16
224 591
225 584
226 153
227 70
228 886
229 801
230 2
231 756
232 534
233 414
234 71
235 94
236 858
237 275
238 733
239 810
240 670
241 311
242 218
243 209
244 380
245 921
246 413
247 495
248 971
249 111
250 195
251 152
252 258
253 835
254 461
255 327
256 370
257 771
258 721
259 502
260 8
261 915
262 719
263 454
265 757
266 917
267 543
268 447
269 706
270 710
271 355
272 538
273 956
274 806
275 116
276 881
277 240
278 967
279 214
280 852
281 317
282 982
283 124
284 17
285 487
286 632
287 908
288 874
289 358
290 424
291 402
292 654
293 34
294 472
295 862
296 696
297 761
298 752
299 566
300 11
301 382
302 646
303 555
304 927
305 66
306 517
307 614
308 593
309 389
310 405
311 732
312 462
313 627
314 965
315 98
316 922
317 140
318 514
319 69
320 427
321 863
322 795
323 438
324 783
325 107
326 48
327 78
328 974
329 354
330 112
331 27
332 192
333 236
334 623
335 230
336 972
337 788
338 215
339 666
340 326
341 357
342 32
343 978
344 724
345 237
346 904
347 95
348 976
349 87
350 93
351 450
352 251
353 890
354 754
355 815
356 280
357 689
358 216
359 600
360 203
361 283
362 746
363 605
364 869
365 60
366 528
367 348
368 80
369 492
370 73
371 341
372 30
373 850
374 611
375 333
376 239
377 159
378 880
379 173
380 594
381 347
382 968
383 482
384 609
385 132
386 803
387 799
388 637
389 535
390 469
391 708
392 885
393 224
394 55
395 36
396 642
397 743
398 404
399 723
400 109
401 164
402 897
403 248
404 337
405 119
406 281
407 539
408 510
409 145
410 270
411 448
412 511
413 701
414 668
415 308
416 422
417 170
418 891
419 319
420 305
421 352
422 729
423 855
424 41
425 807
426 825
427 860
428 24
429 751
430 702
431 483
432 120
433 223
434 883
435 9
436 865
437 417
438 14
439 228
440 943
441 923
442 114
443 460
444 532
445 99
446 274
447 703
448 314
449 373
450 418
451 478
452 980
453 705
454 805
455 949
456 217
457 264
458 671
459 837
460 172
461 519
462 792
463 328
464 201
465 981
466 846
467 419
468 500
469 74
470 871
471 334
472 167
473 870
474 406
475 385
476 700
477 954
478 718
479 445
480 879
481 59
482 764
483 184
484 843
485 465
486 480
487 183
488 295
489 232
490 508
491 578
492 38
493 13
494 894
495 196
496 449
497 573
498 477
499 255
500 730
501 26
502 127
503 339
504 350
505 612
506 755
507 467
508 212
509 50
510 641
511 736
512 688
513 468
514 808
515 316
516 379
517 245
518 572
519 568
520 92
521 622
522 40
523 639
524 83
525 56
526 842
527 841
528 892
529 126
530 557
531 61
532 459
533 631
534 726
535 996
536 435
537 650
538 683
539 694
540 204
541 791
542 488
543 476
544 486
545 716
546 443
547 861
548 439
549 432
550 804
551 541
552 882
553 735
554 165
555 546
556 369
557 660
558 766
559 840
560 227
561 615
562 499
563 35
564 262
565 866
566 491
567 381
568 737
569 959
570 851
571 349
572 231
573 523
574 749
575 37
576 265
577 345
578 4
579 786
580 653
581 916
582 674
583 363
584 261
585 603
586 210
587 722
588 775
589 958
590 364
591 932
592 776
593 634
594 876
595 645
596 504
597 717
598 105
599 626
600 372
601 769
602 747
603 856
604 76
605 338
606 148
607 309
608 682
609 589
610 794
611 938
612 47
613 128
614 955
615 285
616 854
617 242
618 877
619 711
620 712
621 953
622 266
623 303
624 604
625 765
626 77
627 565
628 820
629 512
630 471
631 640
632 748
633 344
634 809
635 790
636 629
637 322
638 429
639 853
640 889
641 473
642 963
643 770
644 731
645 655
646 343
647 399
648 905
649 533
650 131
651 81
652 247
653 817
654 844
655 464
656 624
657 944
658 986
659 202
660 547
661 962
662 925
663 988
664 975
665 950
666 545
667 219
668 590
669 284
670 503
671 524
672 920
673 878
674 409
675 913
676 133
677 86
678 821
679 787
680 551
681 430
682 909
683 28
684 451
685 659
686 536
687 995
688 174
689 501
690 628
691 875
692 441
693 599
694 919
695 134
696 277
697 222
698 226
699 321
700 335
701 452
702 260
703 330
704 898
705 10
706 552
707 340
708 617
709 832
710 177
711 6
712 474
713 329
714 221
715 144
716 62
717 423
718 606
719 44
720 141
721 415
722 243
723 675
724 695
725 84
726 966
727 67
728 658
729 31
730 798
731 396
732 189
733 507
734 272
735 79
736 194
737 384
738 411
739 800
740 25
741 453
742 906
743 211
744 43
745 178
746 392
747 893
748 490
749 208
750 225
751 286
752 872
753 293
754 90
755 587
756 789
757 741
758 122
759 728
760 663
761 151
762 699
763 610
764 244
765 697
766 575
767 233
768 911
769 990
770 936
771 101
772 72
773 516
774 941
775 738
776 115
777 479
778 207
779 457
780 367
781 246
782 691
783 412
784 58
785 456
786 346
787 428
788 992
789 304
790 291
791 924
792 324
793 82
794 673
795 796
796 768
797 199
798 394
799 18
800 778
801 181
802 458
803 945
804 307
805 290
806 371
807 320
808 185
809 509
810 253
811 287
812 271
813 149
814 707
815 288
816 684
817 186
818 797
819 709
820 562
821 939
822 440
823 259
824 819
825 54
826 580
827 812
828 542
829 657
830 323
831 162
832 692
833 983
834 780
835 914
836 677
837 5
838 585
839 156
840 365
841 734
842 685
843 826
844 433
845 910
846 563
847 146
848 106
849 182
850 957
851 651
852 613
853 649
854 742
855 929
856 884
857 987
858 900
859 928
860 493
861 390
862 518
863 89
864 64
865 680
866 475
867 45
868 431
869 484
870 52
871 895
872 356
873 197
874 676
875 553
876 714
877 97
878 601
879 998
880 576
881 169
882 420
883 318
884 407
885 556
886 19
887 827
888 693
889 935
890 785
891 618
892 744
893 155
894 296
895 857
896 444
897 235
898 715
899 940
900 930
901 310
902 661
903 816
904 630
905 426
906 774
907 868
908 859
909 250
910 521
911 926
912 560
913 3
914 397
915 398
916 289
917 154
918 313
919 813
920 267
921 63
922 720
923 527
924 550
925 784
926 839
927 88
928 65
929 234
930 269
931 361
932 979
933 118
934 652
935 113
936 997
937 1
937 2
937 3
937 4
937 5
937 6
937 7
937 8
937 9
937 10
937 11
937 12
937 13
937 14
937 15
937 16
937 17
937 18
937 19
937 20
937 21
937 22
937 23
937 24
937 25
937 26
937 27
937 28
937 29
937 30
937 31
937 32
937 33
937 34
937 35
937 36
937 37
937 38
937 39
937 40
937 41
937 42
937 43
937 44
937 45
937 46
937 47
937 48
937 49
937 50
937 51
937 52
937 53
937 54
937 55
937 56
937 57
937 58
937 59
937 60
937 61
937 62
937 63
937 64
937 65
937 66
937 67
937 68
937 69
937 70
937 71
937 72
937 73
937 74
937 75
937 76
937 77
937 78
937 79
937 80
937 81
937 82
937 83
937 84
937 85
937 86
937 87
937 88
937 89
937 90
937 91
937 92
937 93
937 94
937 95
937 96
937 97
937 98
937 99
937 100
937 101
937 102
937 103
937 104
937 105
937 106
937 107
937 108
937 109
937 110
937 111
937 112
937 113
937 114
937 115
937 116
937 117
937 118
937 119
937 120
937 121
937 122
937 123
937 124
937 125
937 126
937 127
937 128
937 129
937 130
937 131
937 132
937 133
937 134
937 135
937 136
937 137
937 138
937 139
937 140
937 141
937 142
937 143
937 144
937 145
937 146
937 147
937 148
937 149
937 150
937 151
937 152
937 153
937 154
937 155
937 156
937 157
937 158
937 159
937 160
937 161
937 162
937 163
937 164
937 165
937 166
937 167
937 168
937 169
937 170
937 171
937 172
937 173
937 174
937 175
937 176
937 177
937 178
937 179
937 180
937 181
937 182
937 183
937 184
937 185
937 186
937 187
937 188
937 189
937 190
937 191
937 192
937 193
937 194
937 195
937 196
937 197
937 198
937 199
937 200
937 201
937 202
937 203
937 204
937 205
937 206
937 207
937 208
937 209
937 210
937 211
937 212
937 213
937 214
937 215
937 216
937 217
937 218
937 219
937 220
937 221
937 222
937 223
937 224
937 225
937 226
937 227
937 228
937 229
937 230
937 231
937 232
937 233
937 234
937 235
937 236
937 237
937 238
937 239
937 240
937 241
937 242
937 243
937 244
937 245
937 246
937 247
937 248
937 249
937 250
937 251
937 252
937 253
937 254
937 255
937 256
937 257
937 258
937 259
937 260
937 261
937 262
937 263
937 264
937 265
937 266
937 267
937 268
937 269
937 270
937 271
937 272
937 273
937 274
937 275
937 276
937 277
937 278
937 279
937 280
937 281
937 282
937 283
937 284
937 285
937 286
937 287
937 288
937 289
937 290
937 291
937 292
937 293
937 294
937 295
937 296
937 297
937 298
937 299
937 300
937 301
937 302
937 303
937 304
937 305
937 306
937 307
937 308
937 309
937 310
937 311
937 312
937 313
937 314
937 315
937 316
937 317
937 318
937 319
937 320
937 321
937 322
937 323
937 324
937 325
937 326
937 327
937 328
937 329
937 330
937 331
937 332
937 333
937 334
937 335
937 336
937 337
937 338
937 339
937 340
937 341
937 342
937 343
937 344
937 345
937 346
937 347
937 348
937 349
937 350
937 351
937 352
937 353
937 354
937 355
937 356
937 357
937 358
937 359
937 360
937 361
937 362
937 363
937 364
937 365
937 366
937 367
937 368
937 369
937 370
937 371
937 372
937 373
937 374
937 375
937 376
937 377
937 378
937 379
937 380
937 381
937 382
937 383
937 384
937 385
937 386
937 387
937 388
937 389
937 390
937 391
937 392
937 393
937 394
937 395
937 396
937 397
937 398
937 399
937 400
937 401
937 402
937 403
937 404
937 405
937 406
937 407
937 408
937 409
937 410
937 411
937 412
937 413
937 414
937 415
937 416
937 417
937 418
937 419
937 420
937 421
937 422
937 423
937 424
937 425
937 426
937 427
937 428
937 429
937 430
937 431
937 432
937 433
937 434
937 435
937 436
937 437
937 438
937 439
937 440
937 441
937 442
937 443
937 444
937 445
937 446
937 447
937 448
937 449
937 450
937 451
937 452
937 453
937 454
937 455
937 456
937 457
937 458
937 459
937 460
937 461
937 462
937 463
937 464
937 465
937 466
937 467
937 468
937 469
937 470
937 471
937 472
937 473
937 474
937 475
937 476
937 477
937 478
937 479
937 480
937 481
937 482
937 483
937 484
937 485
937 486
937 487
937 488
937 489
937 490
937 491
937 492
937 493
937 494
937 495
937 496
937 497
937 498
937 499
937 500
937 501
937 502
937 503
937 504
937 505
937 506
937 507
937 508
937 509
937 510
937 511
937 512
937 513
937 514
937 515
937 516
937 517
937 518
937 519
937 520
937 521
937 522
937 523
937 524
937 525
937 526
937 527
937 528
937 529
937 530
937 531
937 532
937 533
937 534
937 535
937 536
937 537
937 538
937 539
937 540
937 541
937 542
937 543
937 544
937 545
937 546
937 547
937 548
937 549
937 550
937 551
937 552
937 553
937 554
937 555
937 556
937 557
937 558
937 559
937 560
937 561
937 562
937 563
937 564
937 565
937 566
937 567
937 568
937 569
937 570
937 571
937 572
937 573
937 574
937 575
937 576
937 577
937 578
937 579
937 580
937 581
937 582
937 583
937 584
937 585
937 586
937 587
937 588
937 589
937 590
937 591
937 592
937 593
937 594
937 595
937 596
937 597
937 598
937 599
937 600
937 601
937 602
937 603
937 604
937 605
937 606
937 607
937 608
937 609
937 610
937 611
937 612
937 613
937 614
937 615
937 616
937 617
937 618
937 619
937 620
937 621
937 622
937 623
937 624
937 625
937 626
937 627
937 628
937 629
937 630
937 631
937 632
937 633
937 634
937 635
937 636
937 637
937 638
937 639
937 640
937 641
937 642
937 643
937 644
937 645
937 646
937 647
937 648
937 649
937 650
937 651
937 652
937 653
937 654
937 655
937 656
937 657
937 658
937 659
937 660
937 661
937 662
937 663
937 664
937 665
937 666
937 667
937 668
937 669
937 670
937 671
937 672
937 673
937 674
937 675
937 676
937 677
937 678
937 679
937 680
937 681
937 682
937 683
937 684
937 685
937 686
937 687
937 688
937 689
937 690
937 691
937 692
937 693
937 694
937 695
937 696
937 697
937 698
937 699
937 700
937 701
937 702
937 703
937 704
937 705
937 706
937 707
937 708
937 709
937 710
937 711
937 712
937 713
937 714
937 715
937 716
937 717
937 718
937 719
937 720
937 721
937 722
937 723
937 724
937 725
937 726
937 727
937 728
937 729
937 730
937 731
937 732
937 733
937 734
937 735
937 736
937 737
937 738
937 739
937 740
937 741
937 742
937 743
937 744
937 745
937 746
937 747
937 748
937 749
937 750
937 751
937 752
937 753
937 754
937 755
937 756
937 757
937 758
937 759
937 760
937 761
937 762
937 763
937 764
937 765
937 766
937 767
937 768
937 769
937 770
937 771
937 772
937 773
937 774
937 775
937 776
937 777
937 778
937 779
937 780
937 781
937 782
937 783
937 784
937 785
937 786
937 787
937 788
937 789
937 790
937 791
937 792
937 793
937 794
937 795
937 796
937 797
937 798
937 799
937 800
937 801
937 802
937 803
937 804
937 805
937 806
937 807
937 808
937 809
937 810
937 811
937 812
937 813
937 814
937 815
937 816
937 817
937 818
937 819
937 820
937 821
937 822
937 823
937 824
937 825
937 826
937 827
937 828
937 829
937 830
937 831
937 832
937 833
937 834
937 835
937 836
937 837
937 838
937 839
937 840
937 841
937 842
937 843
937 844
937 845
937 846
937 847
937 848
937 849
937 850
937 851
937 852
937 853
937 854
937 855
937 856
937 857
937 858
937 859
937 860
937 861
937 862
937 863
937 864
937 865
937 866
937 867
937 868
937 869
937 870
937 871
937 872
937 873
937 874
937 875
937 876
937 877
937 878
937 879
937 880
937 881
937 882
937 883
937 884
937 885
937 886
937 887
937 888
937 889
937 890
937 891
937 892
937 893
937 894
937 895
937 896
937 897
937 898
937 899
937 900
937 901
937 902
937 903
937 904
937 905
937 906
937 907
937 908
937 909
937 910
937 911
937 912
937 913
937 914
937 915
937 916
937 917
937 918
937 919
937 920
937 921
937 922
937 923
937 924
937 925
937 926
937 927
937 928
937 929
937 930
937 931
937 932
937 933
937 934
937 935
937 936
937 938
937 939
937 940
937 941
937 942
937 943
937 944
937 945
937 946
937 947
937 948
937 949
937 950
937 951
937 952
937 953
937 954
937 955
937 956
937 957
937 958
937 959
937 960
937 961
937 962
937 963
937 964
937 965
937 966
937 967
937 968
937 969
937 970
937 971
937 972
937 973
937 974
937 975
937 976
937 977
937 978
937 979
937 980
937 981
937 982
937 983
937 984
937 985
937 986
937 987
937 988
937 989
937 990
937 991
937 992
937 993
937 994
937 995
937 996
937 997
937 998
937 999
937 1000
938 759
939 306
940 739
941 647
942 888
943 549
944 300
945 762
946 437
947 22
948 548
949 570
950 781
951 57
952 845
953 485
954 68
955 342
956 758
957 315
958 903
959 595
960 558
961 166
962 644
963 571
964 526
965 125
966 834
967 970
968 49
969 252
970 191
971 136
972 802
973 515
974 899
975 51
976 160
977 993
978 403
979 942
980 592
981 388
982 537
983 366
984 698
985 522
986 969
987 984
988 597
989 7
990 135
991 554
992 579
993 481
994 529
995 143
996 772
997 278
998 188
999 410
