i: 4
24 44 49 50 
4577
24 44 48 50 
4333
24 44 48 49 
4319
24 44 47 50 
4046
24 44 47 48 
3996
24 44 46 47 
3925
24 44 45 47 
3905
24 39 47 50 
3882
24 39 47 48 
3816
24 39 46 47 
3795
24 39 45 47 
3775
24 39 41 47 
3706
24 37 39 47 
3585
24 35 49 50 
3541
24 35 48 50 
3382
24 35 47 50 
3260
24 35 47 48 
3232
24 35 44 47 
3187
24 35 41 47 
3128
24 35 39 47 
3014
24 33 35 39 
3006
24 31 35 47 
2994
24 31 33 35 
2993
24 30 35 47 
2939
24 29 35 47 
2875
24 29 33 35 
2867
24 26 35 50 
2777
24 26 35 48 
2665
24 26 35 47 
2544
24 26 30 35 
2518
24 26 29 35 
2462
22 26 35 48 
2369
22 26 35 47 
2252
22 26 33 35 
2243
22 26 29 35 
2188
10 22 26 35 
2073
i: 5
i: 6

