12344321
843973902
962754579
712493136
837713556
610699284
844002006
876159879
837134679
804361284
758305503
817096749
644345226
720991936
865438121
530667376
757450049
837665226
802779321
760016025
755588736
413750556
775708721
870346841
720018448
876702626
606853189
817439805
878924544
530506749
856937560
755613284
507627421
741053556
641875689
867579336
866516484
867677076
878233029
867746300
877245641
510816041
850679221
641875689
407815284
608599692
527489489
878302020
758325009
204931284
804352062
392784321
756400361
755428631
640776292
497444941
878015603
283452321
297151284
684407556
606248521
876830675
419729136
644383890
699319684
852833284
419432524
760367067
740687616
644393556
805650224
419729136
610690062
204931284
757224321
703049136
529075341
757759961
760016025
760376844
856652244
878618340
856810528
760055983
760425729
721376592
759900441
626113173
419656363
759880069
721492091
875863881
530102392
777746889
644011921
708741684
858195729
740418384
413741223
878331924
530506749
874729426
644047616
878924544
204931284
311044892
760425729
737225936
514169136
760415952
797460804
878924544
760425729
876732224
878865216
736308321
404426889
836588025
306373284
785917284
530506749
910315361
573739841
530185561
311096889
878914656
877146931
640198321
702558321
524160721
852925004
525823884
873494889
693447321
101232321
684240904
192342321
419136489
374562321
834620692
623868041
530828025
712141284
419561933
878924544
693447321
837328244
721928025
977804544
530083304
878884992
530828025
776727684
858185952
530828025
760415952
641036884
750752284
871430319
878924544
525823884
311096889
204931284
643701764
746856123
374562321
644047616
419729136
529147992
731275363
847243565
874550804
878233161
308296521
644354892
643381176
766335321
530799360
204931284
644393556
866516484
760250625
610699284
530281071
530506749
693697284
873477663
854089270
837328244
413750556
101232321
759987984
852846206
702797481
529396089
311078223
530808915
204922062
703049136
283452321
760231075
374562321
758052491
626378025
760425729
817192704
748754905
760221300
858195729
760318624
760338176
311078223
718064624
508548521
720037536
522186084
530697809
721928025
647892321
876801044
784557321
712141284
604931831
419729136
878233161
851859964
600410556
759900441
776695284
864819770
627497136
741053556
858195729
419665806
760415952
872217264
878924544
625476849
878924544
310627684
640198321
204931284
625719189
853884668
525823884
878924544
644047616
873485056
756539270
960795724
872709525
512061921
644191580
877423383
754651521
760425729
878035464
419580819
530789805
858146844
760376844
309695484
837684558
867923844
481591284
589488721
623943684
419729136
955144609
530567601
721928025
311096889
875962564
878924544
530828025
748113321
759860523
101232321
757745964
419719692
873485056
626378025
760240416
878924544
878855328
740138871
521472921
874580336
640757004
877926656
642588525
870535156
311096889
736256021
419719692
311078223
875271549
529157536
530828025
530808915
666031284
643458408
416659684
683331831
733425021
757440306
878924544
618053136
878697238
878726899
876850429
530346144
641036884
413169684
413759889
530828025
759900441
878924544
505689721
642359904
509257284
721747376
523434933
641036884
684407556
530743808
731120481
760425729
529157536
419729136
617229489
877443125
311096889
721928025
750742562
760201312
870525323
283452321
848944484
609869521
856256102
675253284
755613284
693697284
640785936
859745089
530799360
872399862
641036884
530376581
806904804
850012089
846143025
760406175
878726899
748824921
702558321
729407704
856553921
878025486
418544084
635894805
871617292
530828025
731463915
101232321
878924544
878924544
832035921
635923470
731033664
634141536
760425729
878726996
720056089
760025800
775446321
101232321
644383890
858000416
837327616
753635923
760425729
643701764
101232321
665857631
867775625
383673321
644374224
644383890
797489136
740515004
101232321
877837921
419729136
525814362
760240416
738033161
831645789
618178041
868381904
754651521
876712492
760133754
865902390
878509605
759597104
866795181
877936644
839146021
643554025
817002091
760163076
873494889
813583284
756082312
878628225
835293732
741014892
530828025
644393556
845934921
846143025
865805025
878884992
666031284
644181915
647892321
529951419
867914067
837713556
861798336
644220575
419729136
858088400
721472112
625326681
877739004
644383890
877926656
590754941
759987984
625551936
419423082
598603941
749796021
639949089
876633375
824393223
760143528
752682089
506962561
721566749
758311296
311096889
605230821
878529456
101232321
855564696
758282004
657003321
760211525
589282941
311096889
515000721
514086363
644078582
626358915
419729136
750341613
419473071
721587601
702558321
721748889
530567601
878894880
858146844
389371284
741009360
826840809
572104421
311054224
877838129
760406175
746319451
873494889
530808915
530185561
603348621
863159751
306373284
857045556
310627684
740079936
854998525
955418256
867580125
835255692
311078223
283452321
876850784
192342321
740017716
878924544
758251284
831227684
626378025
419729136
419567481
404426889
419136489
530828025
759112644
640198321
530762916
877739376
866516484
419700804
740861568
965510351
721738703
777746889
959605751
835303701
878924544
721899360
530102392
644345226
855964025
712406556
523613136
639929823
878924544
608948421
877541491
530185561
758500025
877936731
760338176
878924544
760035575
831453861
865805025
642542019
530346144
530441664
401895321
750690558
797489136
874680225
760425729
497631561
758470760
657003321
876840552
856070871
815367023
878924544
872404452
750719556
311096889
310824941
878489732
878776334
857045556
626293362
496378721
627250944
419729136
876830675
703039692
530799360
407815284
875459592
760065336
756169596
644364558
878884992
708751821
835167249
752682089
877838129
835594736
754628689
759082652
878519390
878124212
701005104
817478025
731483025
605099684
878875104
283452321
527489489
530632704
101232321
754444104
582868631
870535156
948208344
497600904
836461176
525823884
816377136
419710248
837684558
877837921
389319841
750719556
853905289
760425729
642705092
843985089
835255692
878697238
530638714
878598570
760376844
857045556
831549824
911843314
746791641
867498684
516106941
837703890
720018448
311096889
474783321
514001376
759869856
759772566
760220864
759684609
529157536
642588525
760425729
760367067
955936398
507089889
833656292
311096889
609752889
101232321
817458915
877443129
760338176
718163684
857122756
867972729
777746889
965606148
758819784
877808498
530828025
878509504
740794569
527489489
637188084
760425729
877729500
419567481
529138448
760425729
878865216
874572062
861798336
590941561
870642736
666031284
878855328
973419024
602337321
760425729
875646995
101232321
740321764
530743808
301674321
873396224
573811284
389371284
630565884
878924544
854099025
878894880
767473284
993041175
817468470
821805684
752709321
602337321
528922602
890578971
797018661
101232321
416659684
644374224
419284251
607999484
203664421
873793071
835148363
556782321
644374224
872118881
633346441
878134096
703082889
639949089
530828025
644374224
951326246
878618340
867479984
644088244
610699284
874670670
795414662
311078223
853782423
759443224
496378721
858195729
878924544
204931284
850911789
509257284
610699284
870151061
721388941
817478025
721748889
465672321
413652561
283452321
310951572
203664421
204922062
878924544
712323364
874187279
644240896
760415952
644288230
419567481
311078223
837713556
644011921
418988304
777746889
757745964
719885961
204931284
977685888
311054224
721918470
755809761
856070871
830590284
750665341
617321484
731362248
602337321
760376844
760211088
857414609
856997226
530346144
878588685
647892321
878687351
204931284
758500025
743997121
419729136
757560971
878825769
641750336
643528871
593226321
834555992
530828025
791568621
861593424
419571376
620873931
878805995
721937136
760153302
851666531
101232321
633627351
837223821
757167724
419729136
752682089
283452321
824220904
878904768
837221962
308296521
738017964
859745089
873297561
835072819
878519572
740051304
496135484
777560904
878865216
878865216
311096889
760425729
760065336
878322042
101232321
870436176
868578389
644354892
644393556
530808915
741009360
878884992
843309936
749759025
842906484
867972729
683557521
878233161
625658031
760425729
836748871
573802062
556782321
719496351
750752284
752512331
757537536
718162821
101232321
702514251
796223561
854688019
813388284
760425729
871528289
837135004
758887753
626378025
389319841
530441664
837703890
841855341
204899841
712408249
878924544
871627136
573025521
530789805
877936539
657003321
858195729
684251561
786892561
846143025
878203284
871597604
419710248
619085889
813583284
721577184
740928565
738013472
750690558
817478025
760425729
733398462
419656363
627478248
644317225
816146681
758251284
644181915
854703904
602337321
805745889
720048084
498416421
311096889
878894880
644393556
878726996
311054224
398584062
866839926
748503273
721587601
419729136
757527792
684407556
868382061
608948421
750719556
878697238
867383856
311096889
642569215
877729122
311096889
748113321
760367067
748687008
530762916
775795484
878796108
419729136
844090448
829628084
644345226
876850429
644297895
608590248
407815284
297151284
760016025
530046849
608609136
644393556
802779321
647892321
644393556
389371284
759509601
514169136
617229489
192342321
644011921
854782619
878677566
419700804
795424084
878588685
419611922
525663931
311044892
647892321
797460804
530789805
740708244
640074684
878924544
644011921
741014892
797489136
642549905
419729136
741038025
857588121
741053556
642562164
101232321
398593284
824411889
635780809
968856324
974206290
465672321
836568915
735221141
497694224
867962952
311096889
754614336
530808915
418193189
822405484
878677464
760425729
204931284
878914656
514159692
797395249
416659684
875468609
608366944
641875689
700261884
876722358
530808915
793539684
878875104
831552484
760289296
824411889
759900441
643874679
878292135
878223146
877926656
101232321
