72
54531 89112
54876 32528
73436 41446
75045 64547
61297 11282
51607 90327
70545 98797
92695 67750
96193 57845
32933 50375
77065 54041
8519 10476
67972 72951
75671 95745
97357 76482
65593 56743
5622 68239
9684 36820
1367 79057
90339 1080
91406 79015
77811 58297
26046 61950
36146 86858
37232 22238
92631 85431
12258 30648
3598 1149
96894 80230
73063 79268
52362 10602
95193 55007
91827 74336
69744 21228
22308 9545
88559 76434
34731 13713
92015 82722
69579 60776
99366 44512
29942 6810
37457 8348
9496 42200
38781 57406
36673 22741
49695 11843
83201 5387
96074 44887
66114 75027
84571 65817
42251 4773
34838 89482
72203 93333
70460 26852
71363 41781
48590 86177
94524 17657
59856 2398
59803 4020
43112 14988
43182 12827
34565 92806
54044 26382
17761 30638
12807 36510
41282 2331
91812 55057
64741 76119
19322 80366
22146 35200
21377 7037
24693 87087
