89
95716 7684
21958 20176
70236 21066
53461 2076
19234 86088
38293 52625
90682 72174
12270 24508
8539 79576
81606 31064
91298 80865
57712 39501
83906 41611
64138 49342
81369 62517
70200 75879
12406 93436
30853 92158
10585 82641
85080 84314
53290 46170
34695 23372
64232 43971
39898 63316
94379 89122
69987 21503
77356 2028
43638 44050
93391 61261
40130 24127
5 91111
84547 26681
35190 12410
95051 15399
16064 45774
8295 80130
19854 69353
29676 42989
6304 84085
89558 69573
7428 17034
35413 75896
19945 84783
62395 79050
3177 13336
4446 2524
45557 19533
31943 5344
37095 80746
42872 43345
39826 53158
38863 51166
10507 59679
60115 68538
54462 33162
66548 49673
25568 61889
46671 1960
97362 61865
91552 25418
44293 16890
36422 95997
17693 89849
70595 84716
28060 54787
7944 29818
80983 67886
43916 63158
48047 7841
57355 20383
86407 2509
64397 23902
42213 11974
90190 27420
69189 55926
72815 81741
94090 13481
3330 9237
10304 11782
66568 90276
20093 38364
22601 90863
54021 17427
41620 66516
86898 2067
4575 98974
39227 73304
1630 85324
29095 81439
