100
11 5 16 5 0 0
3 1 3 2 2 0
3 1 3 2 1 0
2 1 5 1 1 1
98 1 98 50 0 1
92 1 93 45 0 1
36 41 85 76 28 49
7 1 40 4 3 1
98 1 97 49 0 1
92 1 49 45 0 2
28 5 50 7 0 0
95 1 90 48 0 1
95 1 93 48 0 1
99 1 97 50 0 1
100 1 30 50 0 3
98 1 100 50 0 1
99 1 24 50 0 4
68 40 88 29 10 2
99 1 91 48 0 1
93 1 93 45 0 1
99 1 99 49 0 1
2 1 63 1 2 2
96 1 92 48 0 1
98 1 47 50 3 18
92 1 100 45 0 1
91 1 24 47 0 4
99 1 94 48 0 1
96 1 31 51 0 3
95 1 31 50 0 3
26 1 60 13 3 2
94 1 24 46 0 4
66 1 74 26 1 21
90 1 74 87 1 25
59 1 77 24 1 18
100 1 92 51 0 1
90 1 94 46 0 1
93 1 31 48 0 3
55 7 87 27 1 20
100 1 90 50 0 1
64 1 87 5 3 2
88 7 48 60 0 0
78 3 51 36 1 6
95 1 32 48 0 3
99 1 32 50 0 3
100 1 91 51 0 1
98 1 100 49 0 1
40 1 31 44 3 4
33 1 32 13 1 1
61 40 53 60 3 13
80 15 55 89 33 87
97 1 92 48 0 1
2 1 39 92 1 19
95 1 90 47 0 1
66 1 7 87 3 62
99 2 2 8 0 0
93 1 99 47 0 1
94 1 85 94 3 32
93 1 96 46 0 1
99 1 91 50 0 1
97 1 48 47 0 2
38 1 70 17 2 9
99 1 45 48 0 2
73 7 81 42 1 4
99 1 48 49 0 2
100 1 96 50 0 1
90 1 22 49 0 4
92 1 19 23 0 0
53 1 55 30 2 9
99 1 90 48 0 1
76 7 8 41 1 6
50 1 26 22 1 1
100 1 92 50 0 1
97 1 99 47 0 1
99 1 47 49 0 2
100 1 45 50 0 2
90 1 92 44 0 1
90 8 32 49 1 1
93 1 92 47 0 1
30 1 49 12 3 1
99 1 96 49 0 1
20 1 43 11 1 8
15 1 69 9 3 4
97 1 90 49 0 1
94 1 93 55 1 1
98 1 93 49 0 1
92 1 24 45 0 4
93 1 90 46 0 1
45 1 86 21 2 6
97 1 99 49 0 1
97 1 25 48 0 4
98 1 96 49 0 1
92 1 92 46 0 1
68 1 88 38 3 15
95 4 23 34 0 0
97 1 30 48 0 3
97 1 99 48 0 1
90 1 22 47 0 4
90 1 90 45 0 1
97 1 96 47 0 1
94 1 47 47 0 2
