100
2 1
500 300
900
660
2 1
500 300
1500
809
2 2
50 100
450 449
1100 1101
2 1
500 300
300
500
1 8
10
11 13 17 11 16 14 12 18
2 1
7 2
77
18
2 1
8 1
5762
703
1 2
497115
970755 282844
2 6
1 1
2530 1300 2070 1830 1246 1366
1624 2070 1300 1287 1363 2031
2 6
5 8
2500 550 1366 1050 3300 1921
2962 4320 4000 1682 2301 720
2 8
791611 17541
928345 949650 659005 515124 926548 906509 870024 512746
154178 872478 923933 764444 980314 989441 803680 969721
2 6
8 1
7040 6737 5862 6400 6400 6703
752 800 811 871 800 720
2 5
2 10
4000 1320 3705 2297 747
11506 18324 20000 4086 5400
2 2
9 7
81 49
38 77
2 6
1 7
9 1 1 8 2 9
77 7 77 7 13 56
1 7
9
9 99 99 18 72 37 72
1 1
7
77
2 8
8 7
1640 1695 1640 1586 1535 1543 1848 1440
1435 1348 1449 1361 1512 1323 1497 1540
1 8
4
8957 9680 7981 9680 9067 8800 9178 8800
2 1
10 3
954
294
1 6
2
3600 4207 3727 4075 4000 4319
1 7
9
3433 2693 6930 4500 1620 915 5605
2 2
1 2
1 6
2 11
2 2
715724 15630
902114 679890
888126 874406
1 8
10
3 1 4 2 7 6 5 8
2 8
10 5
12289 12040 12269 10800 11990 13200 12674 11127
5995 5545 5400 6020 5894 6600 6203 5948
2 8
2 1
4414 4338 4337 5144 4371 4794 5280 4804
2160 2397 2305 2414 2402 2651 2317 2430
2 7
4 5
1213 1193 1154 1364 1080 1216 1271
1661 1444 1520 1650 1602 1432 1395
1 8
2
22 11 2 18 11 8 4 12
1 6
9
3691 4348 990 1716 2700 5940
2 3
3 10
6168 5707 6600
18781 20116 18000
1 3
10
970 1050 969
2 8
1 7
101 101 97 100 90 102 100 106
739 719 754 692 706 770 700 658
2 5
5 5
13197 1984 6359 9000 10350
1880 12241 9000 12650 6726
2 8
552466 55033
903324 800576 760296 351265 857467 812138 854838 980413
501189 972207 829180 875292 914123 926269 834553 355122
2 7
6 4
4066 10800 13200 8697 15000 4734 15840
8800 10000 8640 2864 5727 2930 8800
2 4
479584 82677
950802 911286 676466 964287
266732 747353 776708 763329
2 5
5 7
10 18 55 5 43
27 63 7 14 60
1 8
1
100 100 101 109 90 99 102 100
2 3
6 1
8812 8013 7614
1385 1265 1551
2 8
2 7
8 4 18 4 2 13 6 6
27 14 14 21 7 77 19 42
2 8
9 3
21600 14850 15935 20889 19212 18215 17100 6778
5542 5700 7200 4050 2264 6445 6811 5101
1 8
2
1800 2818 5082 1440 5000 3211 3957 2376
1 3
8
22 35 44
2 3
1 9
1158 1090 1013
10059 9452 10320
2 7
5 7
6931 7422 1100 3500 8500 1402 7821
4900 1908 11141 1260 10287 11363 11900
1 8
1
182 542 300 654 108 440 629 800
1 3
269148
925921 986165 437077
1 7
3
3 27 3 3 3 3 3
2 7
1 10
5 4 4 9 11 6 5
50 40 90 48 65 39 110
1 3
1000000
900001 900000 899999
1 2
9
9 9
2 8
6 7
36 54 18 52 45 36 24 66
42 22 40 63 28 58 58 77
1 3
8
3616 3600 4127
2 6
7 1
11970 11972 14014 14204 13272 14154
2090 1959 2057 1896 1831 2046
1 1
7
7000
2 8
1 9
539 467 499 496 456 500 513 550
4559 4500 4112 4050 4842 4323 4468 4241
2 6
7 6
12320 11200 13860 12605 12514 7258
8640 10703 9720 10640 5973 9600
1 7
3
1899 1650 300 1800 581 1313 899
1 3
407
938115 892729 532156
1 4
3
1921 2065 2310 2088
1 5
235412
890597 877680 999864 821398 675724
2 8
6 9
2521 2430 2640 2359 2243 2356 2438 2424
3278 3240 3391 3920 3473 3933 3636 3645
2 8
4 9
9512 7200 6000 6840 3890 1200 9166 5509
18810 12551 8155 19800 2700 22167 21787 13500
2 6
10 10
2804 5816 930 2152 3600 5000
912 5755 4400 2190 5000 3256
2 3
204407 302183
895559 861440 925157
953844 861642 596967
1 7
1
2407 2342 2743 2500 2500 2635 2250
2 6
2 2
3654 1600 1246 3525 2520 387
1295 3550 4132 3080 375 1600
1 1
4
4320
2 6
102539 74366
890903 927455 961469 485649 836283 926285
986156 787209 824045 802494 874820 805852
2 4
2 5
2 18 2 2
55 5 5 5
1 6
7
9681 18293 7700 2800 12491 11200
2 4
150392 355808
873506 74627 432350 940168
982293 855941 778259 928517
2 8
2 3
4400 1492 2943 3060 2880 1000 929 4141
6436 1448 5610 6600 2150 5280 1500 4072
1 5
1
363 521 300 90 201
2 5
3 9
1500 1195 311 540 837
4500 1980 2565 3303 937
2 8
1 1
1000000 999999 999998 999997 999996 999995 999994 999993
999992 999991 999990 999989 999988 999987 999986 999985
2 8
8 4
18885 20587 17552 21120 19208 17753 18179 21120
8640 9604 10371 10147 9563 9222 9842 8640
1 8
6
11285 10260 12167 11433 11400 10260 12225 11901
2 8
3 2
810 2640 273 2100 1204 1366 1919 600
932 1110 1400 660 1440 400 215 828
2 1
9 7
39
29
2 8
8 1
8 88 88 8 8 8 8 8
1 9 1 1 1 9 1 1
1 6
236457
927673 850476 793778 847789 991133 606233
1 3
3
3416 3061 3329
2 7
2 5
1364 413 183 808 900 600 1104
2876 1500 2750 452 2162 1032 3763
2 8
393149 42363
669235 485598 474636 909914 471513 974974 159383 327380
934277 970176 999034 984543 823546 633528 693101 667524
2 1
9 3
2962
974
1 1
6
13200
2 8
9 5
39 9 9 56 18 99 63 81
5 55 10 35 20 30 5 45
1 7
8
88 88 36 40 52 48 48
2 8
8 4
3334 1571 4000 2440 5280 720 5125 6766
3422 1646 2000 734 2630 2160 1312 440
1 4
3
976 1200 540 326
2 7
2 10
1653 1600 1535 1745 1440 1679 1528
8800 8000 7570 7416 8379 7576 8507
2 6
96027 61154
652423 939485 922997 626359 939894 581209
879795 907240 977527 923167 950235 757343
1 4
633609
954225 963634 705896 407521
1 3
1
324 200 92
2 8
6 8
6 6 6 6 54 6 6 6
8 88 8 8 8 8 8 8
2 7
4 3
7179 400 775 5698 381 6038 9240
5925 4743 283 4475 5670 300 598
2 2
3 7
1944 1800
4601 4200
2 1
671664 173253
301651
643733
