100
11 5 16 5 0 0
3 1 3 2 2 0
3 1 3 2 1 0
2 1 5 1 1 1
96 1 92 48 0 1
93 1 25 43 4 5
44 1 74 25 2 7
67 6 80 90 1 14
7 1 34 3 15 1
98 1 94 50 0 1
100 1 91 51 0 1
27 2 76 15 2 5
93 1 99 46 0 1
100 1 99 51 0 1
97 1 91 49 0 1
98 1 24 53 0 4
95 1 46 47 0 2
100 1 92 50 0 1
93 1 31 47 0 3
92 1 99 46 0 1
91 2 80 38 1 7
39 1 100 16 1 1
100 1 100 49 0 1
97 1 90 47 0 1
100 1 48 52 0 2
100 1 22 49 0 4
81 11 84 94 42 17
100 1 94 51 0 1
93 1 93 45 0 1
94 1 92 46 0 1
90 1 98 46 0 1
97 1 96 47 0 1
97 1 92 47 0 1
53 1 81 29 2 7
99 1 94 49 0 1
91 1 31 44 0 3
92 1 57 44 2 11
98 1 48 49 0 2
96 1 22 47 0 4
81 1 95 35 4 15
92 1 50 47 0 2
100 1 97 51 0 1
95 1 32 50 0 3
5 1 94 2 2 1
92 1 19 23 0 0
90 1 96 46 0 1
42 1 73 19 4 4
97 1 97 49 0 1
100 1 100 50 0 1
98 1 92 50 0 1
98 1 49 48 0 2
91 1 96 44 0 1
80 15 55 89 33 87
50 1 54 23 3 2
95 4 23 34 0 0
24 1 81 11 3 3
36 41 85 76 28 49
100 1 97 50 0 1
91 1 48 47 0 2
77 1 59 34 4 10
91 1 93 46 0 1
98 1 98 48 0 1
95 1 31 47 0 3
61 1 62 8 2 2
28 5 50 7 0 0
97 1 23 52 0 4
75 21 67 70 15 9
10 1 68 29 4 2
92 1 99 45 0 1
94 1 92 47 0 1
97 1 32 48 0 3
44 1 45 29 2 19
31 1 4 13 1 1
93 1 96 47 0 1
97 1 24 49 0 4
97 1 96 35 2 3
96 1 90 47 0 1
98 1 93 50 0 1
20 25 80 39 4 1
98 1 31 51 0 3
93 1 93 46 0 1
99 2 2 8 0 0
92 1 94 45 0 1
90 1 30 44 0 3
96 1 25 49 0 4
88 7 48 60 0 0
93 1 92 47 0 1
92 1 91 47 0 1
92 1 100 46 0 1
99 1 94 50 0 1
98 1 22 53 0 4
82 1 31 6 1 3
96 1 45 47 0 2
4 1 70 2 2 2
26 1 60 13 3 2
18 1 77 19 4 17
97 1 71 55 1 14
100 1 99 50 0 1
92 1 96 47 0 1
53 1 71 25 4 4
