100
11 5 16 5 0 0
3 1 3 2 2 0
3 1 3 2 1 0
2 1 5 1 1 1
36 41 85 76 28 49
92 1 19 23 0 0
100 1 30 51 0 3
99 1 24 49 0 4
91 1 96 44 0 1
100 1 98 49 0 1
98 1 46 51 0 2
100 1 24 51 0 4
91 1 31 48 0 3
86 1 44 26 1 9
29 7 88 17 9 4
88 7 48 60 0 0
97 1 48 48 0 2
97 1 97 48 0 1
55 1 26 31 2 7
97 1 95 47 0 1
28 5 50 7 0 0
57 11 64 34 3 8
99 1 93 50 0 1
2 1 93 91 3 61
93 1 22 50 0 4
98 1 90 50 0 1
92 1 95 46 0 1
93 1 96 46 0 1
94 1 45 49 0 2
98 1 33 50 0 3
95 4 23 34 0 0
98 1 97 48 0 1
98 1 91 49 0 1
90 1 30 45 0 3
68 1 56 36 1 2
99 1 33 50 0 3
55 2 45 26 4 12
99 1 97 49 0 1
99 1 45 49 0 2
1 4 22 18 2 9
90 1 32 44 0 3
96 1 96 49 0 1
90 1 99 44 0 1
91 1 97 44 0 1
26 1 60 13 3 2
58 7 63 27 4 4
97 1 92 48 0 1
78 1 79 31 1 7
93 1 24 45 0 4
38 3 33 20 1 2
91 1 47 45 0 2
29 1 24 16 1 3
49 1 98 65 3 61
21 10 51 11 25 6
68 1 87 57 1 16
96 1 91 47 0 1
91 1 93 45 0 1
93 1 92 45 0 1
93 1 97 47 0 1
91 1 94 44 0 1
98 1 96 50 0 1
99 1 95 48 0 1
73 1 53 69 2 25
98 1 49 49 0 2
92 1 93 47 0 1
100 1 48 49 0 2
91 1 93 44 0 1
1 1 76 1 2 1
99 2 2 8 0 0
94 1 90 48 0 1
16 1 66 7 4 1
90 1 91 46 0 1
36 1 95 19 3 4
95 1 23 47 0 4
80 15 55 89 33 87
52 6 27 51 9 6
93 1 98 47 0 1
99 1 22 50 0 4
92 1 32 47 0 3
99 1 90 49 0 1
57 1 66 33 3 21
20 21 80 12 4 4
6 1 65 63 2 1
100 1 92 51 0 1
66 4 71 84 14 17
92 1 96 46 0 1
75 1 20 37 1 7
91 1 90 45 0 1
85 1 41 76 2 26
33 1 67 15 1 1
56 1 30 32 2 21
92 1 90 47 0 1
98 1 90 48 0 1
99 1 93 48 0 1
96 1 97 49 0 1
96 1 93 48 0 1
98 1 95 48 0 1
92 1 91 46 0 1
96 1 22 47 0 4
95 1 90 46 0 1
