100
11 5 16 5 0 0
3 1 3 2 2 0
3 1 3 2 1 0
2 1 5 1 1 1
26 1 60 13 3 2
92 1 24 50 0 4
94 1 92 47 0 1
10 1 67 4 1 1
97 1 49 50 0 2
99 3 17 35 1 6
88 7 48 60 0 0
97 1 98 49 0 1
84 50 88 40 15 37
99 1 97 48 0 1
15 2 74 31 4 27
51 1 80 11 2 1
98 1 29 85 3 3
96 1 97 48 0 1
90 1 91 44 0 1
99 1 92 50 0 1
22 1 42 11 3 4
99 2 2 8 0 0
94 1 32 47 0 3
90 1 97 45 0 1
79 1 54 35 3 20
28 5 50 7 0 0
92 1 19 23 0 0
93 1 97 46 0 1
64 22 51 10 1 9
91 1 91 45 0 1
91 1 97 45 0 1
98 1 96 49 0 1
94 1 43 53 1 24
34 1 53 88 4 23
68 1 76 25 2 14
15 1 43 32 2 1
94 1 24 46 0 4
93 1 95 47 0 1
97 1 24 52 0 4
95 1 24 47 0 4
6 12 24 2 1 1
100 1 92 50 0 1
90 1 92 46 0 1
100 1 96 50 0 1
90 1 100 44 0 1
91 1 30 48 0 3
92 1 23 47 0 4
90 1 30 47 0 3
98 1 96 50 0 1
59 1 38 29 2 8
98 1 93 49 0 1
98 1 91 48 0 1
95 1 48 49 0 2
90 1 50 45 0 2
79 3 13 46 1 6
73 1 97 34 1 10
93 1 94 46 0 1
80 15 55 89 33 87
91 1 48 45 0 2
97 1 97 49 0 1
90 1 96 46 0 1
90 1 90 46 0 1
97 1 96 47 0 1
60 1 27 26 2 5
98 1 94 49 0 1
68 1 77 27 1 6
100 1 98 50 0 1
93 1 32 45 0 3
17 1 46 8 2 3
94 9 20 55 3 3
84 3 75 42 1 2
99 1 99 50 0 1
100 1 94 50 0 1
99 1 49 51 0 2
95 4 23 34 0 0
97 1 90 49 0 1
91 1 31 45 0 3
97 1 95 47 0 1
98 1 91 49 0 1
98 1 99 48 0 1
100 1 49 52 0 2
95 1 23 51 0 4
94 1 32 49 0 3
90 1 97 46 0 1
15 1 54 8 2 6
91 1 47 47 0 2
95 1 92 46 0 1
85 1 58 40 1 5
36 1 60 8 2 3
100 1 100 49 0 1
99 1 33 52 0 3
99 1 35 41 1 28
91 1 96 44 0 1
64 5 14 56 5 3
92 1 94 47 0 1
90 1 95 44 0 1
93 1 29 50 3 5
36 41 85 76 28 49
92 1 94 45 0 1
90 1 23 47 0 4
