100 1 10
74 18 74 81 7 3 10 23 80 94 
90 65 36 94 35 52 64 38 52 24 
78 44 5 69 84 40 71 90 59 33 
8 2 19 88 23 63 60 84 6 79 
57 90 22 25 61 6 47 33 91 29 
57 71 18 93 45 46 85 9 12 16 
63 22 37 100 66 67 9 90 77 7 
28 22 51 8 45 100 42 30 42 63 
25 49 90 48 45 40 91 93 30 82 
55 53 56 58 13 11 36 27 52 63 
49 96 68 96 86 98 7 2 41 41 
6 5 56 51 24 67 84 49 15 59 
99 34 86 39 11 15 17 23 91 100 
39 74 92 87 41 19 32 70 28 64 
13 5 77 4 22 82 98 31 14 64 
72 99 53 82 23 36 30 76 14 31 
74 54 63 34 54 68 12 18 39 38 
64 46 39 33 48 39 70 93 90 1 
47 45 7 42 63 68 23 100 76 77 
21 67 70 53 88 19 44 39 70 91 
67 80 38 31 30 49 31 99 25 66 
14 61 19 36 48 91 46 37 14 76 
74 70 81 77 13 29 10 58 61 84 
85 79 86 38 47 24 58 29 58 48 
26 80 88 53 67 29 79 55 93 65 
60 64 10 55 49 42 42 78 32 39 
6 3 17 61 82 23 23 56 91 33 
12 53 85 82 62 76 50 64 68 53 
12 61 92 23 31 48 36 53 81 65 
92 37 69 13 12 26 14 75 98 16 
22 65 34 95 63 86 60 52 24 66 
38 79 19 63 15 37 14 45 43 40 
95 48 96 89 4 76 36 69 23 66 
80 48 42 49 48 89 67 99 76 30 
42 5 31 26 11 80 33 80 61 94 
86 7 27 89 57 86 59 5 6 59 
92 72 40 87 36 89 98 96 77 33 
4 45 15 2 41 4 91 85 22 49 
7 23 69 3 65 78 55 45 44 65 
62 7 49 61 56 93 83 5 16 11 
21 64 78 93 83 62 17 61 47 13 
30 67 41 13 52 44 78 77 6 6 
65 99 28 94 70 5 10 51 55 2 
50 79 40 65 32 60 83 36 94 48 
40 67 36 12 21 22 74 25 77 41 
33 100 86 66 16 48 40 72 51 1 
24 62 39 75 17 42 39 56 10 59 
94 94 44 85 94 52 30 59 36 47 
82 93 89 48 69 76 89 32 54 66 
99 42 19 19 40 92 13 100 38 45 
56 81 23 35 14 66 58 16 44 85 
55 49 98 55 38 29 36 88 1 51 
88 88 45 27 99 23 61 54 2 47 
11 52 42 69 10 46 11 78 85 88 
72 70 32 16 35 14 40 12 38 73 
86 52 95 100 46 72 16 40 2 32 
70 84 4 60 15 3 67 11 45 52 
71 7 45 40 58 35 52 22 31 56 
20 89 69 56 38 72 35 11 87 16 
42 35 81 13 34 39 51 46 30 87 
3 54 47 42 59 66 8 3 50 67 
43 46 21 75 93 22 61 98 42 7 
87 49 87 14 5 36 57 86 86 80 
19 38 50 47 47 80 70 35 13 92 
43 97 83 57 77 83 56 19 85 44 
3 10 52 82 23 58 32 87 29 87 
89 32 5 3 61 96 73 2 67 17 
54 77 22 96 28 86 16 17 8 91 
73 68 92 29 50 11 63 66 26 32 
78 86 83 47 50 95 24 59 2 11 
94 63 67 79 92 80 22 57 99 29 
50 85 5 36 15 63 42 11 99 11 
61 70 31 51 93 83 32 65 39 97 
42 36 25 77 40 21 99 29 81 81 
9 52 74 57 34 71 86 69 83 76 
15 5 91 96 93 5 34 49 51 42 
83 70 72 61 98 39 16 72 37 92 
57 31 95 68 88 73 27 1 51 26 
22 13 10 67 15 8 96 100 18 1 
93 26 79 39 78 29 8 49 57 71 
10 79 1 66 63 78 88 70 28 81 
95 7 38 78 9 58 10 1 16 73 
17 16 65 92 27 90 78 41 84 23 
9 99 100 3 42 71 87 62 21 95 
94 37 73 39 71 44 84 13 63 35 
29 56 100 80 22 88 72 16 93 52 
76 89 41 44 33 73 72 89 63 85 
24 30 91 24 11 75 21 33 31 41 
6 70 78 36 94 30 45 72 69 38 
19 43 2 27 9 69 85 32 55 53 
18 89 53 71 34 30 67 59 53 46 
30 89 19 98 80 58 59 23 66 73 
22 11 16 21 6 66 16 74 34 87 
27 18 39 4 48 51 44 44 38 90 
22 39 81 50 91 43 55 57 44 58 
69 62 76 54 15 47 91 48 60 41 
46 48 55 34 45 73 37 46 91 48 
60 93 48 45 39 51 21 30 91 26 
32 86 25 16 22 53 54 41 89 66 
19 47 25 18 81 70 77 55 35 35 
