100 1 10
3 17 12 75 34 76 54 46 44 98 
59 62 78 71 56 55 50 25 29 38 
14 100 67 65 39 65 40 31 91 59 
48 24 26 84 54 11 94 43 49 19 
93 12 52 43 20 65 13 9 53 51 
81 32 60 17 54 36 5 100 17 47 
76 14 62 90 99 77 10 73 100 58 
95 42 42 43 38 39 70 93 10 64 
61 53 71 64 52 93 85 58 95 98 
18 94 78 96 9 68 12 50 56 93 
81 66 21 29 11 96 100 60 29 47 
64 75 79 11 47 6 24 98 87 15 
20 8 51 14 48 36 49 27 16 46 
49 59 37 22 81 95 39 34 2 32 
36 67 51 28 98 32 10 89 9 75 
16 23 53 8 4 89 83 43 14 7 
85 37 63 42 75 94 36 27 95 18 
60 41 8 34 84 81 7 20 6 63 
90 13 64 70 89 5 17 64 82 72 
96 51 80 92 51 100 11 59 75 14 
2 99 71 17 65 43 73 63 13 75 
32 62 17 47 51 48 13 67 78 31 
22 55 87 5 56 6 86 79 70 8 
52 48 73 93 45 48 2 98 60 70 
81 90 1 7 82 89 1 48 69 91 
59 6 50 4 15 83 25 35 22 44 
80 9 57 93 15 12 79 76 87 16 
88 1 70 84 71 6 22 95 66 71 
24 32 77 56 91 8 4 6 89 68 
93 46 12 75 41 12 57 25 17 95 
34 92 28 30 25 9 24 22 77 2 
66 49 67 79 34 67 40 2 42 94 
74 48 18 91 11 29 55 42 83 67 
84 87 24 66 54 95 54 74 15 69 
94 57 53 18 81 42 16 81 70 63 
85 7 96 19 28 1 29 7 53 88 
72 30 54 82 16 22 73 73 16 53 
19 81 29 48 44 17 39 31 85 23 
93 82 90 72 64 50 77 21 25 58 
18 55 24 7 21 1 7 89 53 76 
100 45 62 79 80 48 21 60 68 18 
59 72 92 27 7 86 42 4 60 83 
99 5 98 58 96 13 88 51 40 42 
98 56 45 79 15 35 49 4 2 21 
57 97 68 98 28 10 57 54 17 9 
57 35 92 20 41 44 40 92 10 58 
25 66 44 97 88 13 66 45 12 8 
97 53 50 98 58 51 68 92 25 42 
69 85 32 17 84 15 95 28 91 21 
61 68 82 24 91 86 21 62 87 88 
90 97 56 40 46 40 92 37 53 40 
94 26 36 81 29 16 98 87 4 67 
82 67 24 14 41 24 71 52 55 43 
62 98 74 54 21 37 6 40 46 82 
30 34 47 84 43 8 76 9 63 71 
16 49 1 58 3 80 35 54 52 23 
66 95 27 93 97 39 74 38 45 73 
48 31 88 34 98 94 9 3 17 93 
14 52 71 2 23 54 81 6 43 11 
30 63 83 86 34 14 31 57 22 69 
36 15 5 83 91 77 30 41 76 100 
8 17 96 20 82 22 84 8 92 83 
10 6 1 7 26 48 48 53 59 23 
40 63 10 63 43 24 74 47 18 77 
8 62 26 84 93 85 55 76 77 67 
20 57 63 24 30 29 38 6 51 21 
34 33 38 88 88 11 2 24 82 66 
12 94 62 42 25 49 96 95 99 66 
86 8 27 90 32 99 43 99 24 15 
8 19 83 28 23 47 13 53 4 40 
98 76 87 16 86 26 78 87 38 12 
19 66 50 66 94 3 21 41 2 98 
40 55 32 100 79 54 99 50 58 37 
86 20 15 24 19 38 83 93 74 27 
58 42 21 17 34 73 49 100 43 6 
29 38 69 3 85 98 62 46 38 71 
47 78 4 24 32 7 52 62 82 51 
47 85 68 73 43 98 25 57 72 36 
50 92 54 71 19 98 45 42 83 73 
12 27 31 80 58 39 22 95 59 86 
34 1 51 61 58 95 88 59 4 39 
56 57 37 13 64 16 19 4 38 7 
34 89 22 66 83 15 1 35 32 6 
46 19 16 6 89 42 22 22 23 50 
7 70 11 93 37 24 14 30 93 50 
74 59 12 57 70 76 2 12 99 34 
83 4 86 32 27 58 40 6 28 70 
86 28 93 58 27 93 57 94 30 41 
84 91 44 16 25 17 89 81 45 30 
38 13 71 92 83 75 60 77 74 43 
85 1 40 17 47 80 78 61 14 34 
63 45 29 11 56 15 84 58 48 4 
55 89 44 3 63 58 42 58 27 12 
38 2 77 61 53 77 8 99 90 21 
95 68 33 74 55 22 98 12 42 43 
9 10 37 70 3 86 36 30 97 34 
67 70 28 50 95 1 57 8 44 79 
97 48 33 33 92 64 11 65 41 19 
95 48 6 99 19 16 10 32 73 17 
50 91 76 24 24 41 67 54 80 41 
