100 1 10
26 52 89 78 100 63 73 23 53 29 
23 70 10 92 62 18 68 29 76 71 
86 95 66 99 55 40 28 56 6 14 
87 41 39 9 93 40 84 7 34 72 
88 69 51 67 58 28 51 49 1 2 
37 81 71 5 65 6 36 92 62 14 
20 9 64 68 23 19 5 48 59 90 
33 48 55 59 78 95 80 4 33 44 
85 15 22 12 95 6 22 76 44 3 
59 79 87 5 60 71 1 39 42 69 
14 46 90 50 67 21 39 15 14 28 
34 80 51 42 37 81 10 41 33 17 
85 57 19 12 91 68 97 14 41 59 
28 96 60 61 76 27 15 74 100 83 
62 29 68 9 35 22 52 24 25 69 
9 44 2 7 78 92 49 84 13 70 
19 68 54 81 5 66 81 62 35 1 
35 6 84 13 69 54 58 27 48 4 
79 100 56 14 87 35 75 60 68 19 
37 83 28 22 82 63 54 13 83 16 
40 20 17 52 2 38 22 48 47 60 
1 6 72 89 24 54 45 58 88 11 
84 87 80 4 67 6 42 6 70 65 
79 21 89 46 58 14 34 11 66 31 
10 59 95 41 68 76 22 69 55 93 
95 98 62 86 44 26 52 6 35 67 
45 36 21 84 86 95 5 40 60 51 
31 14 99 59 17 42 56 17 9 2 
77 86 13 33 29 30 47 84 40 8 
1 58 67 89 76 53 11 79 76 70 
50 32 59 17 79 60 89 32 87 80 
67 6 16 83 62 83 5 14 63 19 
66 26 12 14 53 36 38 18 93 78 
57 98 10 5 51 37 89 62 1 96 
74 53 26 73 19 30 93 41 7 14 
14 10 10 46 12 64 46 37 13 72 
35 36 41 15 67 74 59 74 86 98 
18 6 92 4 43 2 46 5 4 54 
46 90 49 14 1 83 80 59 51 37 
98 54 86 66 20 95 14 54 23 71 
65 30 36 89 77 17 54 65 38 51 
85 63 58 85 31 95 6 80 1 72 
67 58 45 38 72 74 89 10 2 47 
99 45 2 91 58 2 57 24 55 12 
42 76 37 99 11 57 14 20 41 55 
27 71 22 9 54 44 35 37 50 17 
47 68 66 52 85 10 22 20 29 9 
22 28 86 56 60 83 2 46 68 33 
67 83 82 11 40 46 80 97 91 96 
5 100 57 50 89 22 15 45 2 12 
76 37 54 44 78 31 26 94 18 74 
50 56 54 76 26 72 6 10 100 61 
34 57 27 66 37 3 52 62 67 25 
43 37 14 18 4 94 67 73 74 33 
80 46 40 42 53 78 86 59 63 51 
43 43 38 58 24 12 18 24 95 50 
29 43 25 12 20 50 44 54 84 54 
17 28 30 14 34 62 57 29 95 100 
87 11 22 24 55 37 44 94 93 93 
6 71 38 58 63 9 65 75 66 77 
2 10 36 94 78 82 15 86 40 5 
90 46 47 4 40 55 79 64 66 22 
84 35 28 52 1 57 83 27 81 23 
14 87 4 77 45 72 28 3 57 26 
17 79 72 42 38 68 52 1 20 42 
44 3 41 60 62 94 10 66 3 18 
65 1 83 79 90 91 64 29 6 75 
14 7 52 89 88 20 20 18 29 61 
61 70 32 27 76 94 88 72 33 72 
84 32 36 100 62 30 32 52 87 86 
74 16 63 89 18 40 81 71 78 21 
36 80 3 50 55 47 59 75 10 35 
15 63 58 66 78 62 52 15 51 29 
36 54 84 88 100 7 34 68 30 75 
94 91 17 74 85 81 72 2 60 29 
20 38 47 91 57 19 72 10 10 91 
78 48 76 6 18 41 76 38 60 10 
88 5 11 27 8 66 95 27 53 93 
7 58 57 10 66 8 48 36 56 80 
83 17 89 79 71 2 18 6 61 97 
41 68 75 57 98 5 29 21 98 84 
92 75 22 52 87 91 83 66 73 96 
33 60 30 62 5 48 93 25 56 90 
41 45 28 40 83 50 57 57 51 10 
36 16 99 61 91 14 24 56 58 13 
6 61 64 86 70 33 89 53 46 19 
30 59 61 9 85 61 71 29 11 23 
3 46 63 51 76 54 29 60 37 58 
59 33 92 56 75 78 72 16 21 53 
37 82 2 20 17 98 21 94 37 61 
53 99 97 16 15 50 4 19 9 94 
13 88 3 6 15 92 85 68 92 32 
54 75 79 3 59 33 20 56 91 5 
79 71 61 94 65 13 99 71 58 4 
34 32 98 15 49 80 22 73 74 41 
74 11 23 45 21 65 86 38 44 38 
23 89 2 75 17 30 27 4 39 7 
60 20 68 38 18 42 34 100 39 61 
51 27 45 61 36 54 12 38 61 59 
7 68 66 74 46 12 61 80 54 99 
