Case #1: 4 3 3 3 3
Case #3: 16 12 18 16 18 21 20 18 24 18 21
Case #4: 8 8 8 8 8 8 8 8 8 8
Case #5: 32 32 32 32 32 32 32 32 32 32 32 32 32 32 32 32 32 32 32 32 32
Case #6: 1
Case #7: 1
Case #8: 8 8 8 8 8 8 8 8 8 8
Case #9: 1
Case #10: 8 8 8 8 8 8 8 8 8 8
Case #11: 1
Case #13: 128 128 128 128 128 128 128 128 128 128 128 128 128 128 128 128 128 128 128 128 128 128 128 128 128 128 128 128 128 128 128 128 128 128 128 128
Case #14: 64 64 64 64 64 64 64 64 64 64 64 64 64 64 64 64 64 64 64 64 64 64 64 64 64 64 64 64
Case #15: 8 8 8 8 8 8 8 8 8 8
Case #17: 1
Case #18: 1
Case #19: 16 16 16 16 16 16 16 16 16 16 16 16 16 16 16
Case #20: 1
Case #21: 1
Case #22: 64 64 64 64 64 64 64 64 64 64 64 64 64 64 64 64 64 64 64 64 64 64 64 64 64 64 64 64
Case #23: 16 16 16 16 16 16 16 16 16 16 16 16 16 16 16
Case #24: 4 4 4 4 4 4
Case #26: 64 64 64 64 64 64 64 64 64 64 64 64 64 64 64 64 64 64 64 64 64 64 64 64 64 64 64 64
Case #27: 4 4 4 4 4 4
Case #28: 64 64 64 64 64 64 64 64 64 64 64 64 64 64 64 64 64 64 64 64 64 64 64 64 64 64 64 64
Case #29: 4 4 4 4 4 4
Case #30: 16 16 16 16 16 16 16 16 16 16 16 16 16 16 16
Case #31: 128 128 128 128 128 128 128 128 128 128 128 128 128 128 128 128 128 128 128 128 128 128 128 128 128 128 128 128 128 128 128 128 128 128 128 128
Case #32: 64 64 64 64 64 64 64 64 64 64 64 64 64 64 64 64 64 64 64 64 64 64 64 64 64 64 64 64
Case #33: 2 2 2
Case #34: 1
Case #35: 1
Case #36: 4 4 4 4 4 4
Case #37: 2 2 3
Case #38: 2 2 2
Case #39: 4 4 4 4 4 4
Case #40: 2 2 2
Case #41: 2 2 2
Case #42: 4 4 4 4 4 4
Case #43: 78 70 105 102 84 66 102 105 70 96 96 96 102 72
Case #44: 2 2 0
Case #45: 64 64 64 64 64 64 64 64 64 64 64 64 64 64 64 64 64 64 64 64 64 64 64 64 64 64 64 64
Case #47: 2 2 2
Case #49: 16 16 16 16 16 16 16 16 16 16 16 16 16 16 16
Case #50: 2 2 2
Case #51: 1
Case #52: 4 4 4 4 4 4
Case #53: 8 8 8 8 8 8 8 8 8 8
Case #54: 16 16 16 16 16 16 16 16 16 16 16 16 16 16 16
Case #55: 256 256 256 256 256 256 256 256 256 256 256 256 256 256 256 256 256 256 256 256 256 256 256 256 256 256 256 256 256 256 256 256 256 256 256 256 256 256 256 256 256 256 256 256 256
Case #56: 1 1
Case #57: 253 253 256 254 256 256 253 256 255 254 256 253 256 252 252 252 254 256 255 256 253 255 255 255 252 254 256 256 252 253 256 256 256 253 253 254 252 254 253 256
Case #59: 8 8 8 8 8 8 8 8 8
Case #60: 2 2 2
Case #61: 1
Case #62: 8 8 8 8 8 8 8 8 8 8
Case #65: 64 64 64 64 64 64 64 64 64 64 64 64 64 64 64 64 64 64 64 64 64 64 64 64 64 64 64 64
Case #66: 32 31 30 32 32 32 31 30 31 30 30 30 30 30 30
Case #67: 128 128 128 128 128 128 128 128 128 128 128 128 128 128 128 128 128 128 128 128 128 128 128 128 128 128 128 128 128 128 128 128 128 128 128 128
Case #68: 2 2 2
Case #69: 15 16 15 15 15 15 15 16 15 15
Case #70: 8 8 8 8 8 8 8 8 8 8
Case #71: 4 4 4 4 4 4
Case #72: 116 124 120 110 108 114 110 103 106 108 104 93 101 97 110 106 110 108 108 108 106
Case #73: 4 4 4 4 4 4
Case #74: 23 33 24 33 36 24 30 23 30 30 33 24 30 33
Case #75: 64 63 63 64 63 63 64 64 64 63 63 64 64 64 64 63 63 64 63 64 64 63 64 63 64 63
Case #76: 16 16 16 16 16 16 16 16 16 16 16 16 16 16 16
Case #77: 128 128 128 128 128 128 128 128 128 128 128 128 128 128 128 128 128 128 128 128 128 128 128 128 128 128 128 128 128 128 128 128 128 128 128 128
Case #78: 0 0 0
Case #79: 2 2 2
Case #80: 4 4 4 4 4 4
Case #81: 0 0 0 0 0 0 0 0 0 0 0
Case #82: 0 0 0
Case #83: 64 64 64 64 64 64 64 64 64 64 64 64 64 64 64 64 64 64 64 64 64 64 64 64 64 64 64 64
Case #84: 1
Case #85: 8 8 8 8 8 8 8 8 8 8
Case #86: 1
Case #87: 16 16 16 16 16 16 16 16 16 16 16 16 16 16 16
Case #88: 4 4 4 4 4 4
Case #89: 32 32 32 32 32 32 32 32 32 32 32 32 32 32 32 32 32 32 32 32 32
Case #90: 2 2 2
Case #91: 8 8 8 8 8 8 8 8 8 8
Case #92: 16 16 16 16 16 16 16 16 16 16 16 16 16 16 16
Case #93: 128 128 128 128 128 128 128 128 128 128 128 128 128 128 128 128 128 128 128 128 128 128 128 128 128 128 128 128 128 128 128 128 128 128 128 128
Case #94: 8 8 8 8 8 8 8 8
Case #95: 32 32 32 32 32 32 32 32 32 32 32 32 32 32 32 32 32 32 32 32 32
Case #96: 44 60 56 62 64 60 42 68 60 74 54 60 72 58 56 62
Case #97: 12 7 12 12 12 7 7 1
Case #98: 32 32 32 32 32 32 32 32 32 32 32 32 32 32 32 32 32 32 32 32 32
Case #99: 16 16 16 16 16 16 16 16 16 16 16 16 16 16 16
Case #100: 2 2 2
