Case #1: 0 1 1 1 1
Case #2:
Case #3: 0 0 0 0 0 1 0 0 0 0 1
Case #4: 2 2 2 2 2 2 2 2 2 2
Case #5: 2 2 2 2 2 2 2 2 2 2 2 2 2 2 2 2 2 2 2 2 2
Case #6: 1
Case #7: 1
Case #8: 2 2 2 2 2 2 2 2 2 2
Case #9: 1
Case #10: 2 2 2 2 2 2 2 2 2 2
Case #11: 1
Case #12:
Case #13: 2 2 2 2 2 2 2 2 2 2 2 2 2 2 2 2 2 2 2 2 2 2 2 2 2 2 2 2 2 2 2 2 2 2 2 2
Case #14: 2 2 2 2 2 2 2 2 2 2 2 2 2 2 2 2 2 2 2 2 2 2 2 2 2 2 2 2
Case #15: 2 2 2 2 2 2 2 2 2 2
Case #16:
Case #17: 1
Case #18: 1
Case #19: 2 2 2 2 2 2 2 2 2 2 2 2 2 2 2
Case #20: 1
Case #21: 1
Case #22: 2 2 2 2 2 2 2 2 2 2 2 2 2 2 2 2 2 2 2 2 2 2 2 2 2 2 2 2
Case #23: 2 2 2 2 2 2 2 2 2 2 2 2 2 2 2
Case #24: 2 2 2 2 2 2
Case #25:
Case #26: 2 2 2 2 2 2 2 2 2 2 2 2 2 2 2 2 2 2 2 2 2 2 2 2 2 2 2 2
Case #27: 2 2 2 2 2 2
Case #28: 2 2 2 2 2 2 2 2 2 2 2 2 2 2 2 2 2 2 2 2 2 2 2 2 2 2 2 2
Case #29: 2 2 2 2 2 2
Case #30: 2 2 2 2 2 2 2 2 2 2 2 2 2 2 2
Case #31: 2 2 2 2 2 2 2 2 2 2 2 2 2 2 2 2 2 2 2 2 2 2 2 2 2 2 2 2 2 2 2 2 2 2 2 2
Case #32: 2 2 2 2 2 2 2 2 2 2 2 2 2 2 2 2 2 2 2 2 2 2 2 2 2 2 2 2
Case #33: 2 2 2
Case #34: 1
Case #35: 1
Case #36: 2 2 2 2 2 2
Case #37: 1 1 1
Case #38: 2 2 2
Case #39: 2 2 2 2 2 2
Case #40: 2 2 2
Case #41: 2 2 2
Case #42: 2 2 2 2 2 2
Case #43: 0 1 0 0 0 0 0 0 1 0 0 0 0 1
Case #44: 0 0 0
Case #45: 2 2 2 2 2 2 2 2 2 2 2 2 2 2 2 2 2 2 2 2 2 2 2 2 2 2 2 2
Case #46:
Case #47: 2 2 2
Case #48:
Case #49: 2 2 2 2 2 2 2 2 2 2 2 2 2 2 2
Case #50: 2 2 2
Case #51: 1
Case #52: 2 2 2 2 2 2
Case #53: 2 2 2 2 2 2 2 2 2 2
Case #54: 2 2 2 2 2 2 2 2 2 2 2 2 2 2 2
Case #55: 2 2 2 2 2 2 2 2 2 2 2 2 2 2 2 2 2 2 2 2 2 2 2 2 2 2 2 2 2 2 2 2 2 2 2 2 2 2 2 2 2 2 2 2 2
Case #56: 1 1
Case #57: 1 1 1 1 0 1 1 0 1 0 1 1 0 1 1 1 0 1 1 0 1 1 1 1 2 0 0 0 1 1 0 0 0 1 2 0 1 0 2 0
Case #58:
Case #59: 1 1 0 1 0 0 1 1 1
Case #60: 2 2 2
Case #61: 1
Case #62: 2 2 2 2 2 2 2 2 2 2
Case #63:
Case #64:
Case #65: 2 2 2 2 2 2 2 2 2 2 2 2 2 2 2 2 2 2 2 2 2 2 2 2 2 2 2 2
Case #66: 0 1 0 0 1 0 1 0 1 1 0 0 0 0 1
Case #67: 2 2 2 2 2 2 2 2 2 2 2 2 2 2 2 2 2 2 2 2 2 2 2 2 2 2 2 2 2 2 2 2 2 2 2 2
Case #68: 2 2 2
Case #69: 1 2 1 1 1 1 1 2 1 1
Case #70: 2 2 2 2 2 2 2 2 2 2
Case #71: 2 2 2 2 2 2
Case #72: 0 0 0 0 0 0 0 1 0 0 0 0 0 0 0 0 0 0 1 1 0
Case #73: 2 2 2 2 2 2
Case #74: 1 0 2 0 0 2 0 1 0 0 0 2 0 0
Case #75: 0 1 2 0 1 2 1 0 0 2 1 0 1 1 1 2 1 0 1 1 1 1 1 1 1 1
Case #76: 2 2 2 2 2 2 2 2 2 2 2 2 2 2 2
Case #77: 2 2 2 2 2 2 2 2 2 2 2 2 2 2 2 2 2 2 2 2 2 2 2 2 2 2 2 2 2 2 2 2 2 2 2 2
Case #78: 0 0 0
Case #79: 2 2 2
Case #80: 2 2 2 2 2 2
Case #81: 0 0 0 0 0 0 0 0 0 0 0
Case #82: 0 0 0
Case #83: 2 2 2 2 2 2 2 2 2 2 2 2 2 2 2 2 2 2 2 2 2 2 2 2 2 2 2 2
Case #84: 1
Case #85: 2 2 2 2 2 2 2 2 2 2
Case #86: 1
Case #87: 2 2 2 2 2 2 2 2 2 2 2 2 2 2 2
Case #88: 2 2 2 2 2 2
Case #89: 2 2 2 2 2 2 2 2 2 2 2 2 2 2 2 2 2 2 2 2 2
Case #90: 2 2 2
Case #91: 2 2 2 2 2 2 2 2 2 2
Case #92: 2 2 2 2 2 2 2 2 2 2 2 2 2 2 2
Case #93: 2 2 2 2 2 2 2 2 2 2 2 2 2 2 2 2 2 2 2 2 2 2 2 2 2 2 2 2 2 2 2 2 2 2 2 2
Case #94: 0 0 1 0 0 0 1 0
Case #95: 2 2 2 2 2 2 2 2 2 2 2 2 2 2 2 2 2 2 2 2 2
Case #96: 1 0 1 0 0 0 1 0 0 0 0 0 0 0 1 0
Case #97: 0 1 0 0 0 1 1 1
Case #98: 2 2 2 2 2 2 2 2 2 2 2 2 2 2 2 2 2 2 2 2 2
Case #99: 2 2 2 2 2 2 2 2 2 2 2 2 2 2 2
Case #100: 2 2 2
