Case #1: 4 3 3 3 3
Case #3: 12 7 10 7 10 7 10 10 15 10 7
Case #4: 8 8 8 8 8 8 8 8 8 8
Case #5: 32 32 32 32 32 32 32 32 32 32 32 32 32 32 32 32 32 32 32 32 32
Case #6: 1
Case #7: 1
Case #8: 8 8 8 8 8 8 8 8 8 8
Case #9: 1
Case #10: 8 8 8 8 8 8 8 8 8 8
Case #11: 1
Case #13: 128 128 128 128 128 128 128 128 128 128 128 128 128 128 128 128 128 128 128 128 128 128 128 128 128 128 128 128 128 128 128 128 128 128 128 128
Case #14: 64 64 64 64 64 64 64 64 64 64 64 64 64 64 64 64 64 64 64 64 64 64 64 64 64 64 64 64
Case #15: 8 8 8 8 8 8 8 8 8 8
Case #17: 1
Case #18: 1
Case #19: 16 16 16 16 16 16 16 16 16 16 16 16 16 16 16
Case #20: 1
Case #21: 1
Case #22: 64 64 64 64 64 64 64 64 64 64 64 64 64 64 64 64 64 64 64 64 64 64 64 64 64 64 64 64
Case #23: 16 16 16 16 16 16 16 16 16 16 16 16 16 16 16
Case #24: 4 4 4 4 4 4
Case #26: 64 64 64 64 64 64 64 64 64 64 64 64 64 64 64 64 64 64 64 64 64 64 64 64 64 64 64 64
Case #27: 4 4 4 4 4 4
Case #28: 64 64 64 64 64 64 64 64 64 64 64 64 64 64 64 64 64 64 64 64 64 64 64 64 64 64 64 64
Case #29: 4 4 4 4 4 4
Case #30: 16 16 16 16 16 16 16 16 16 16 16 16 16 16 16
Case #31: 128 128 128 128 128 128 128 128 128 128 128 128 128 128 128 128 128 128 128 128 128 128 128 128 128 128 128 128 128 128 128 128 128 128 128 128
Case #32: 64 64 64 64 64 64 64 64 64 64 64 64 64 64 64 64 64 64 64 64 64 64 64 64 64 64 64 64
Case #33: 2 2 2
Case #34: 1
Case #35: 1
Case #36: 4 4 4 4 4 4
Case #37: 1 1 1
Case #38: 2 2 2
Case #39: 4 4 4 4 4 4
Case #40: 2 2 2
Case #41: 2 2 2
Case #42: 4 4 4 4 4 4
Case #43: 8 1 8 12 10 14 12 8 1 9 16 9 12 1
Case #44: 0 0 0
Case #45: 64 64 64 64 64 64 64 64 64 64 64 64 64 64 64 64 64 64 64 64 64 64 64 64 64 64 64 64
Case #47: 2 2 2
Case #49: 16 16 16 16 16 16 16 16 16 16 16 16 16 16 16
Case #50: 2 2 2
Case #51: 1
Case #52: 4 4 4 4 4 4
Case #53: 8 8 8 8 8 8 8 8 8 8
Case #54: 16 16 16 16 16 16 16 16 16 16 16 16 16 16 16
Case #55: 256 256 256 256 256 256 256 256 256 256 256 256 256 256 256 256 256 256 256 256 256 256 256 256 256 256 256 256 256 256 256 256 256 256 256 256 256 256 256 256 256 256 256 256 256
Case #56: 1 1
Case #57: 249 249 252 250 254 252 251 256 251 254 252 251 254 252 252 252 252 252 251 254 251 251 251 251 248 254 256 256 252 251 256 256 254 251 249 254 250 254 249 256
Case #59: 7 7 8 7 8 8 7 7 7
Case #60: 2 2 2
Case #61: 1
Case #62: 8 8 8 8 8 8 8 8 8 8
Case #65: 64 64 64 64 64 64 64 64 64 64 64 64 64 64 64 64 64 64 64 64 64 64 64 64 64 64 64 64
Case #66: 25 22 30 28 23 25 22 26 22 21 23 22 23 26 21
Case #67: 128 128 128 128 128 128 128 128 128 128 128 128 128 128 128 128 128 128 128 128 128 128 128 128 128 128 128 128 128 128 128 128 128 128 128 128
Case #68: 2 2 2
Case #69: 10 10 10 10 10 10 10 10 10 10
Case #70: 8 8 8 8 8 8 8 8 8 8
Case #71: 4 4 4 4 4 4
Case #72: 83 105 90 85 77 92 81 64 75 76 69 83 73 84 85 74 81 86 69 69 74
Case #73: 4 4 4 4 4 4
Case #74: 17 24 14 24 36 14 24 17 24 24 24 14 24 24
Case #75: 64 63 62 64 63 62 63 64 64 62 63 64 63 63 63 62 63 64 63 63 63 63 63 63 63 63
Case #76: 16 16 16 16 16 16 16 16 16 16 16 16 16 16 16
Case #77: 128 128 128 128 128 128 128 128 128 128 128 128 128 128 128 128 128 128 128 128 128 128 128 128 128 128 128 128 128 128 128 128 128 128 128 128
Case #78: 0 0 0
Case #79: 2 2 2
Case #80: 4 4 4 4 4 4
Case #81: 0 0 0 0 0 0 0 0 0 0 0
Case #82: 0 0 0
Case #83: 64 64 64 64 64 64 64 64 64 64 64 64 64 64 64 64 64 64 64 64 64 64 64 64 64 64 64 64
Case #84: 1
Case #85: 8 8 8 8 8 8 8 8 8 8
Case #86: 1
Case #87: 16 16 16 16 16 16 16 16 16 16 16 16 16 16 16
Case #88: 4 4 4 4 4 4
Case #89: 32 32 32 32 32 32 32 32 32 32 32 32 32 32 32 32 32 32 32 32 32
Case #90: 2 2 2
Case #91: 8 8 8 8 8 8 8 8 8 8
Case #92: 16 16 16 16 16 16 16 16 16 16 16 16 16 16 16
Case #93: 128 128 128 128 128 128 128 128 128 128 128 128 128 128 128 128 128 128 128 128 128 128 128 128 128 128 128 128 128 128 128 128 128 128 128 128
Case #94: 6 6 5 6 8 6 5 6
Case #95: 32 32 32 32 32 32 32 32 32 32 32 32 32 32 32 32 32 32 32 32 32
Case #96: 23 32 23 37 37 37 23 44 29 52 29 29 52 29 23 32
Case #97: 3 1 3 3 3 1 1 1
Case #98: 32 32 32 32 32 32 32 32 32 32 32 32 32 32 32 32 32 32 32 32 32
Case #99: 16 16 16 16 16 16 16 16 16 16 16 16 16 16 16
Case #100: 2 2 2
