9967
336733
888922
596696
433122
747110
523490
397278
318924
804796
364449
39748
136899
614856
27116
821090
299070
271330
880504
419468
211598
580205
528567
165595
565385
333451
69978
426933
859156
946530
657688
332992
480143
941600
359305
601464
111538
13205
715677
203852
122746
89509
730498
408968
215063
229050
94430
938881
170196
573867
150646
80302
663534
791078
188970
307663
198492
524528
776948
893656
935145
811450
902271
82274
382874
283676
336412
679021
655963
83553
172445
63108
729210
529397
465331
826484
237288
471724
754372
141081
433470
226978
375123
776250
913887
238446
51328
933104
402110
637340
859724
626332
783354
951544
796038
787353
940224
599767
142099
613140
867710
483692
430412
648001
466193
446187
392787
410409
624601
473915
663646
911045
819403
429631
838265
43394
595711
583452
997511
450858
101236
996637
711155
985370
44851
165216
775517
584118
657280
253124
826510
497288
385924
782686
271742
339
59901
660266
112134
973040
748943
852896
348576
314995
516083
329720
761232
738837
796229
697287
309924
807766
63459
239078
371130
847570
90325
890234
716267
103654
175812
732019
618473
195928
885386
237851
101526
896538
754188
301147
40637
26602
681255
995237
711617
605205
520317
668334
789494
349498
534698
473582
333745
9879
456766
179289
500864
144736
982282
165874
355286
412784
373809
636679
249922
807566
63525
899078
153330
919444
806631
713855
984479
135148
105417
805251
914317
538314
632394
401341
947604
397325
788924
649696
415632
852885
238576
351295
504104
543680
290612
694135
790980
209003
631063
91770
339739
947932
677226
706557
6855
217756
158159
207827
871459
972471
59108
730530
728968
109463
263898
562946
944276
118414
770961
25603
691585
291805
623739
854212
508147
972360
949174
96797
608089
359360
151431
930071
73100
645910
556886
346256
115754
171819
803339
794944
847716
550292
408434
875261
991217
512937
870776
142669
312942
986776
104389
525581
306585
418855
81796
603039
861043
815903
430786
387869
232026
853473
118378
410961
144403
652381
264741
992682
162442
36408
738021
636493
389988
421333
861004
425903
559486
345398
536051
3120
869010
483263
140544
63635
999045
790363
39201
667097
419890
431466
187638
988125
593960
74013
775613
544085
340480
357668
231992
513473
230578
373935
896646
834155
944780
158249
107794
574459
70448
126768
308189
458327
788794
349729
844632
711315
585304
516884
339456
117998
611093
398370
238561
201295
553604
527345
946024
597853
2726
929142
783430
711511
545238
870117
552900
487576
269125
831230
695737
810452
922601
375575
296085
422320
730674
168902
634296
420714
671202
468537
885428
657851
962959
942276
119074
370730
847702
410292
454634
860015
536233
823087
268410
681461
55138
31817
829539
786298
390554
81135
993270
42244
96074
378320
745194
364117
719880
232466
253308
666444
890121
586300
476554
52755
202609
693175
191277
376904
585656
36752
177889
501326
764604
457715
668992
369263
178164
251227
857137
757190
320157
134367
295681
382452
63808
728979
219463
227598
574925
730316
589034
815663
30852
179836
970699
339702
577932
799326
666264
90154
180267
280534
917468
47258
234424
832681
205242
22284
502674
244142
9447
136898
604856
30416
820001
409433
864931
694616
600815
621769
154839
8916
827096
357090
452190
420807
601169
161637
986705
394422
759881
229266
254364
226081
405420
736251
937087
230790
493869
197046
64990
548583
318995
514763
130149
117067
301390
470571
224735
945882
177886
471326
774504
454448
48
150000
620533
795268
87584
481125
761270
118804
670829
738669
116262
251654
126972
348123
785160
10917
836436
754021
631213
591737
844772
111249
123304
669344
889164
16597
634555
10615
816535
750588
302335
920274
106334
974954
888316
536894
432856
87176
401257
107604
674525
697448
919891
276466
238788
471229
804537
774548
894448
854881
197916
764726
677682
266392
502121
714340
834314
534714
633582
280945
27303
691024
682003
474973
243283
419744
971532
669438
829131
706430
736921
636856
19856
223466
256278
365454
89418
820531
709268
115964
271753
110339
23601
672245
898207
443627
793645
858145
836860
993889
232046
53440
52378
432741
937242
780757
982402
365841
959319
543464
130678
406902
555756
46619
844655
941315
509404
541931
801206
465637
886385
227521
804958
984416
505181
313317
736644
866955
933956
921846
825839
787519
600158
51967
322873
293476
333178
340077
327800
561859
74606
705415
587251
986257
914587
238215
741427
695371
150551
130335
977034
687623
673125
697910
539726
751932
741906
485206
569917
651966
114873
362116
710540
835568
74285
495514
646518
636688
339922
777866
73326
905844
811119
592370
174541
22415
812641
811875
152106
679840
845699
380952
64303
678814
586029
766653
947055
907523
600558
51835
2906
729076
189430
907531
680558
25435
11618
846205
440787
394569
229815
744199
414447
3248
148944
60863
279936
937666
20592
583235
827577
166925
864956
944616
518315
648994
395863
169386
474131
823580
198245
54594
592015
624673
193882
426046
989453
873531
691778
221739
986872
64356
208781
411129
824370
97981
447693
452292
440774
264569
272715
730042
849133
719830
732499
418308
611994
408073
265360
182451
119808
710499
425568
209585
450865
171236
973537
718778
212829
889809
466399
506121
713020
634743
890582
196135
955320
554784
326949
52123
882840
778709
503062
124010
729113
559430
785431
720851
942169
49107
723830
731179
218737
967862
970659
939735
709932
755766
80619
833435
745011
534183
323747
33179
449077
291830
873739
771712
535372
213351
109611
743865
74546
105415
785251
920917
536136
853120
588510
575828
760019
609233
798997
376363
175821
822019
588773
205729
892152
895640
774485
264448
62748
129309
717364
73291
555844
926619
554255
37114
797790
306759
158789
507629
792525
658508
532728
774242
834547
864648
864715
534682
313582
386545
992488
222508
676608
526755
46189
544787
360249
41134
996470
41188
536437
863021
595243
903617
541845
941239
749437
792731
718442
852961
998576
100495
586868
156356
178421
821161
9037
37030
957823
583959
67313
777824
653359
44411
765381
227451
104958
215383
428951
38463
287328
855224
627817
632859
51176
413137
903710
471812
634339
850714
529302
515364
139951
133833
955879
144586
482315
660874
191936
966706
411022
754403
451081
331170
260737
954002
375213
676217
616887
336456
118988
510763
131469
316638
945555
908018
550393
418401
541961
101173
366637
919055
916763
997522
560858
64936
8583
497195
455957
89553
170465
263768
262979
373243
976877
117656
191192
526937
866156
944220
558447
955761
964652
871715
532372
214341
9281
476964
152623
849675
139632
943965
8513
797228
686957
13323
895644
814485
251248
67104
687890
343026
816843
830489
285968
255653
115652
151852
139906
683866
104346
95581
448485
372028
827273
127024
868123
613560
67545
97725
887792
297059
161990
516573
229555
144265
272414
720141
842400
392041
950673
86302
661554
991738
722772
151509
710038
815733
730852
948869
46896
614556
27215
811057
134
9967
220603
965947
603784
471188
670783
789924
429877
767671
590948
90027
194693
460173
147583
449047
420914
481154
917234
695040
681052
154826
483016
397305
837586
382249
107300
612815
161118
609773
585072
347578
595423
862752
137946
59080
704151
607501
194963
409158
67416
902883
660637
748092
752616
100456
663000
703670
572360
545541
41047
371336
452930
348033
811537
942290
672372
47055
92252
284099
640520
211741
134029
896726
528463
970898
610543
107794
987211
305988
478892
94979
834280
464090
859128
18317
725052
729883
696268
350926
292668
345531
752640
121240
982787
397181
479660
168794
939084
837785
939371
587310
959315
472761
883534
902399
712870
242925
154638
816492
472143
65766
514331
720599
724509
881424
976420
373925
648957
365055
634307
442384
704281
308344
333190
280403
542217
416572
474707
44192
781608
769902
339308
655947
557451
637243
814577
118422
785317
991209
198752
899118
741841
727560
892342
370544
860500
774515
41047
533505
500497
478816
348051
244515
246685
800931
940187
842286
139131
855512
733413
819796
416887
721429
504033
103474
506756
630832
250846
601050
397336
600517
589480
383476
58935
291738
820576
689240
266377
378007
163811
399154
636613
224054
926196
99913
720532
507739
987971
407441
221891
801770
763758
222304
954130
69920
283486
173605
619535
868078
121616
997577
145724
908935
439334
336445
484494
352519
299004
57908
570759
417415
609109
873908
219951
777083
849171
891475
139247
729956
425723
377502
36270
533285
754694
677882
501052
829789
603172
694140
666504
24121
417850
128413
19296
844449
70754
95574
873674
341827
487624
460798
977414
168923
121926
923053
274550
658800
46271
115395
813268
783989
357292
334714
123917
595711
789294
402657
950202
267549
807591
540733
596343
617260
928868
418866
950239
223576
803721
645570
993472
150697
170248
544648
708173
750120
677694
114268
668130
687684
278585
18373
189781
521854
753433
394538
145116
942904
50911
390588
733514
846506
415229
120680
215427
732286
821658
895160
718385
219217
865430
100694
566332
462071
685267
699547
491548
244005
34657
45967
928412
961549
736411
236341
26297
223505
67923
966050
129385
604291
72896
429278
345652
208057
274059
358263
46662
66654
185818
522534
501509
878672
516215
691448
234707
563105
647261
999018
400608
859149
713645
24148
470788
121699
936496
482724
715319
297169
960690
99466
429584
260464
82474
708438
820663
728308
151886
159207
199894
419774
404235
260110
216696
720675
849832
124197
783339
812541
914665
415320
356418
698104
777138
342635
719956
888961
484494
42297
150150
576517
164016
267190
580944
422637
30817
999323
246732
112050
769549
938955
271005
363532
814485
927560
386020
17290
496804
175043
818454
394669
279900
98897
529768
779001
168529
440866
372932
316975
340254
37872
794412
376633
858162
798199
14015
756801
999600
290707
30375
770312
200905
316171
384860
648007
668065
586372
681962
123871
201168
855792
881277
350430
214723
63803
781282
331197
19602
220304
667867
328756
670574
777769
641165
364773
905606
953333
562272
389789
77719
694419
709951
548564
534714
268711
638681
369329
158455
127328
127887
401535
494851
775768
643852
648001
983357
277581
810583
287302
985498
378657
751225
932556
940904
232734
115795
599585
513189
374845
146236
93063
326309
692053
443624
119080
674766
472887
625395
155444
18934
757781
802551
792365
778815
692667
226429
151035
266556
911523
886078
192454
553499
128584
932726
440306
167478
766372
658609
677820
826021
33885
779698
405920
646912
635656
52062
39843
564517
369263
746945
299837
517157
424579
816226
594892
164438
112565
240286
822506
759341
215063
564229
350534
891502
620533
885977
101335
257953
326124
611838
449133
109448
413995
524422
613516
657622
593238
565674
982
519568
972542
991270
354523
158114
858238
409560
110153
482746
108688
729411
907529
585407
226379
171642
503593
782723
672882
158411
716891
456364
503761
647041
972403
50203
905870
863745
682777
273625
323568
613516
649220
272359
269136
274048
91852
285461
361924
680093
322165
683872
981088
269548
988112
146111
860809
907558
245085
532028
114151
637334
491977
728059
336701
406216
339387
173887
824488
91968
253725
467941
706576
921161
267506
83849
22204
936552
499689
122691
546323
988446
385003
808045
482974
263178
175821
570065
571596
121603
607207
407441
829333
36569
378495
496888
270975
906493
673772
823923
298043
748943
232783
590147
231623
998180
404506
549613
570111
219749
368686
171118
30589
113980
587738
266081
81052
915113
833324
5377
241893
722117
886743
134555
221514
53706
582217
470820
884184
912307
848776
99954
221208
45669
796764
844884
541239
379520
201056
284069
623592
522410
933202
263073
329141
828217
191950
171300
418973
423769
435167
91933
606459
625358
179239
186646
693778
503495
163635
853474
133015
185810
992698
44757
833100
139073
41257
324221
764429
598835
297596
552191
938915
129843
657834
552764
523164
607622
769122
289422
39323
608243
108158
260193
570065
384244
657420
222126
786553
856270
36668
787200
799554
86688
186795
430575
364539
545085
373723
138202
120405
761238
972310
313372
60338
171491
141021
202076
1075
336445
128980
342160
84227
204770
586833
529446
318904
167124
552605
266844
194665
818942
459095
158150
788016
974640
561901
683183
518053
281013
803938
739136
345931
843359
765468
561268
651200
554255
754492
808076
368430
17790
484902
425476
904130
590414
299019
404405
150762
323178
618519
392438
388121
199038
604674
875776
860240
460283
429584
72077
825018
786020
523268
897228
223674
472960
155099
366285
465297
619815
853731
299811
587091
445432
789938
273513
949005
201552
671316
250150
494509
884715
844135
396966
241761
926558
728566
928018
740258
875783
801874
136648
813696
133043
453601
757360
217722
341414
422164
93838
360018
75579
901751
888974
473759
675383
845177
333438
774090
537749
990970
430334
595178
806854
350461
373559
987643
252787
508536
991738
431237
851052
181369
844767
523627
278575
924031
85414
428954
640520
453430
867933
834692
640711
672905
907133
800899
270507
462114
820887
601469
605689
371625
712390
813641
889585
697862
413165
612272
491096
666612
76395
454821
431383
589383
863910
340994
34398
991360
203389
125601
298846
560831
996043
390615
844295
179944
153849
149652
346172
699902
542438
785622
191981
389349
299870
433245
828356
719719
612672
715367
663899
619675
148955
279051
363388
345339
913432
259868
912026
349345
632583
360328
258239
635561
481224
826760
954284
191749
712906
22798
507375
326758
861582
2677
101517
658467
345875
222184
157685
945511
397199
313159
851880
881989
795932
664243
761655
449652
211728
586091
726436
761450
695737
515462
836179
131426
827267
267763
617936
110469
920015
781576
301239
526800
775185
761855
337984
180458
859057
113132
495559
841385
580780
621555
992406
19045
630461
413663
457909
926196
643113
99885
145843
777508
774631
574302
605988
834336
519062
115487
340321
734502
823580
212578
80299
802983
31675
300896
994625
84124
860748
742653
832992
358709
29215
751972
383043
321927
350321
132212
725586
97515
816613
466203
734717
33535
19120
873230
944611
751201
661750
439727
425435
124849
803060
753934
368143
773307
474322
470575
71544
211820
163944
889453
743436
915140
211455
144316
630785
551687
161189
959430
860326
989755
646882
701711
612619
11574
239991
362565
779643
49932
363981
648139
276240
814333
416574
830161
820137
168541
418880
41338
266407
934939
738903
839949
674475
854066
691979
666181
873397
436287
821387
933574
70201
224484
904188
364553
452539
825789
848072
74928
778306
168696
197822
48914
722457
615819
756029
819715
101255
532360
896583
162384
173477
484317
647786
953589
788279
789179
831964
694419
977571
246780
905851
77537
306256
800760
335151
582512
184078
415254
925705
412010
733091
416334
914818
360635
771284
658416
884903
289542
628711
654623
708947
356993
569486
801157
164529
492518
538862
824797
482877
15467
113528
217045
775602
627653
47089
768021
667136
610304
253954
324897
673229
296509
495809
270240
800126
20743
64634
931971
342321
465023
472877
37722
267362
221408
754889
634486
840641
525159
724682
662813
728121
580637
324194
233029
135368
901124
881302
426666
154342
33407
234842
910973
595960
383855
619982
894798
169376
728325
380985
932118
802438
975383
304029
509703
931052
515415
366293
789728
84142
567806
469588
848539
267021
485418
982547
970865
627142
808411
27116
780211
876842
793530
177543
51956
164835
529768
852487
805443
872662
563668
769871
664011
811286
154024
576921
836310
989453
973166
356094
974023
376909
223131
203251
631297
60248
947519
520674
550383
23331
212578
626883
70402
192434
924745
97516
87079
442218
418172
931197
891748
776611
56094
498144
349411
276954
135643
671119
49116
671872
219181
359609
417342
618792
990904
734140
967101
629759
35933
498788
220896
784582
578187
454823
342160
240034
336712
270914
506926
873195
903773
327211
131528
773366
570694
661207
864530
234764
845481
360200
82641
519219
803339
759159
779873
381761
944536
959
177559
874857
30704
786603
931948
362537
864107
702155
636098
991106
71362
972405
422036
120004
24779
837075
717692
300961
25305
780798
809049
568905
685660
145701
151041
658916
705415
357422
871775
170242
777966
531898
763745
386672
537642
672642
761434
739153
175986
832458
649744
2726
901091
286284
325070
161738
550484
860258
298466
42754
589794
616145
381426
286021
37099
255026
572983
707896
550383
895799
771786
333865
151197
628365
152686
284017
448900
671236
230322
716221
142131
767783
958576
329847
788695
574984
383492
679575
482312
560717
63537
293131
364807
603623
56668
650976
519342
298425
460715
717099
84866
890420
269249
284070
439886
482016
567983
704692
943508
89649
863686
500414
900313
157207
109584
600065
525320
112170
299410
674020
163670
970709
987880
642935
745510
253177
490273
874227
856704
361565
590323
94731
123107
633936
286319
90732
295571
349322
517253
193403
857951
543069
148723
326949
70031
473408
792011
141727
333878
289531
802172
27344
117679
694445
151798
645971
279737
651167
506091
576383
175356
512511
246763
919310
547309
745576
648139
97625
72375
124775
672737
582064
846157
780872
121998
914269
828255
776751
937738
926585
782686
514627
892936
447891
594283
239768
424856
381559
355773
522567
911900
132358
74598
328506
16535
642415
242389
851895
802363
219286
47874
90483
23756
265073
280739
133623
688351
11056
890347
679753
555698
630237
307330
410627
70912
955807
501918
532184
343069
532297
558752
766780
242238
838301
982672
329478
966142
373568
183205
458152
654395
153330
596860
201846
387730
532262
16382
487871
919845
131070
424501
348710
59316
501559
227904
155360
135487
757588
939948
569303
133730
86288
625339
480512
139128
890450
18462
651386
795880
241689
202574
942944
324551
952472
252462
507940
464730
161181
761286
575828
125102
571848
576585
704566
941275
341795
609938
395389
147744
548703
257819
785256
929350
414183
870738
761450
64042
31093
18256
721614
497927
215405
581079
4885
363443
411607
617182
207029
170300
761704
715560
462871
243283
425634
476489
911077
935438
885464
377668
713789
620125
501918
774499
562821
988813
188559
727408
374340
194836
763929
402458
917674
587338
577866
135474
709734
471913
850549
367322
371275
285715
967882
858381
266496
380124
719500
518004
92172
142403
605727
515614
107505
764710
418991
662136
373675
249319
157977
813538
778870
45013
779178
871542
856536
496834
951965
981517
506280
764136
623024
17394
995090
720162
514151
729869
242159
228379
775805
565982
813
329584
948976
943270
539231
888373
411551
369914
56286
96064
624497
365711
49095
886867
776866
553585
104949
851801
635063
328311
671173
929096
889765
373975
339929
428954
789490
541698
402557
29820
113362
835953
44887
375848
130497
477971
493162
86233
320080
167666
69855
648155
624217
347153
385100
215887
77100
726462
862265
753820
384294
416574
509272
133151
937940
808214
845743
69592
681767
632101
728873
853377
570134
724857
194773
737591
849171
472005
366991
761270
617371
795684
383799
776847
176662
621236
221969
709556
323503
65932
749508
506971
36908
216960
684776
667311
514506
840066
357468
143623
523169
834561
274625
843480
33372
780459
478585
665104
975804
932117
913603
465038
806703
613404
998073
362291
304935
197795
736643
573882
193147
95176
18190
136222
647264
494129
540700
168928
466611
584978
436654
550779
102719
508063
399484
812835
700557
962866
956866
292530
872274
789709
8168
717439
266341
336545
766653
718597
576717
687154
184302
701757
230954
958869
773891
735674
268664
917061
710340
619744
389349
277755
924599
729994
539726
863090
714104
210976
281071
374008
452960
640272
24748
621017
528529
279380
336456
284421
108833
260923
145779
747617
163171
106767
484620
93979
553471
322367
830381
306333
586720
49816
668351
198893
785638
11719
16339
957685
657147
863173
353860
984343
955227
763157
199276
716713
469548
962653
872891
175690
840008
418315
54779
797391
819422
89892
448754
880395
865596
921887
816361
947755
615485
150915
399907
123469
848141
216041
677060
642382
592520
533202
603581
286888
273394
980522
424992
139449
599172
981876
317536
492585
790666
757383
841540
206164
6804
884461
3411
323962
958710
238459
347245
435957
224806
923355
474556
111985
943465
688681
653919
781681
426888
950758
289666
878158
191044
464221
908024
717762
935961
63680
151628
651737
546149
483173
835062
306793
35979
326486
91948
417774
415294
530929
841334
271681
999397
435929
965208
528091
686540
129714
195092
99617
389553
491864
637830
923164
165810
720096
281017
971337
605976
720973
574371
963984
923365
425725
993447
239967
871996
340781
397288
119348
175811
118173
470925
384183
244595
480332
121025
259961
884317
387161
899452
332242
868156
946110
708233
347327
181456
22568
243519
774815
548321
78475
116110
250611
873330
951104
776167
94411
450530
301320
117150
62209
139094
257733
567060
33372
858816
767083
16208
717281
479907
209842
896915
263895
767937
634064
135626
162850
911719
846232
694926
424556
362090
848646
809264
402492
760807
138757
867958
253707
868247
130246
267628
264227
478688
998666
126647
857682
138341
531838
269838
849056
184404
692673
631354
144069
280141
796803
787200
599859
636809
61117
751532
236493
731309
509216
535334
508113
307263
797553
875932
475624
562282
273771
961839
965996
90517
571128
596308
607943
51935
423971
284345
723523
537367
489237
295478
384973
64019
702871
39836
263289
105989
152626
882760
624769
862234
714582
532071
534547
402449
293468
527784
377166
896613
558959
961733
92903
46958
544932
498563
77237
148390
67104
160592
367410
584922
928187
576651
726988
218872
333363
452413
326600
600400
232076
702031
479885
57146
59501
725783
632701
508599
574321
326418
43142
768778
767988
938831
925046
635164
795268
856873
382452
872863
321704
175293
16862
15744
86920
206379
874050
334834
374695
775214
655806
21078
980131
413938
607878
585993
387345
933005
981572
453878
832561
255411
432173
84148
657556
26292
572983
526198
209108
655534
27410
151122
880657
349488
765140
421247
207569
283524
288753
405773
998930
474216
528082
611378
28177
160435
380411
944912
352540
105050
657219
89332
983592
477649
428837
727271
794413
755067
122450
886186
512385
435105
328172
850496
645405
211161
564981
514338
597271
654475
750827
638100
364376
681613
764411
191674
402017
190526
554784
650244
110239
430778
461453
892369
168710
373175
353853
678372
128447
191794
346051
17404
512534
942401
437974
718573
579382
950377
943123
685373
130103
283637
593549
108212
957796
790634
335595
756670
46192
511640
138622
694442
980108
406364
184252
961866
272799
454947
474719
578682
578116
257000
276742
222454
77852
883395
232249
121758
45247
535640
341184
907854
385250
559667
8560
813101
734068
668964
66942
975531
75356
240125
593410
428531
519922
63673
74649
253892
161976
120267
152233
365841
448849
530367
469442
457744
891879
850425
545388
918244
940544
93735
243500
848646
92656
767983
325254
661910
12363
563748
324375
340107
880747
511564
299401
139370
131966
960754
49623
869726
877516
759274
889323
571257
831672
352493
659133
50448
49956
855512
445311
583975
408249
161874
562821
440123
407162
938704
971274
819920
284213
878771
151426
319213
2508
884843
752368
555896
869108
823171
686190
402442
815173
859038
496825
606589
857683
762783
931416
622314
834257
67575
562839
367565
703966
347516
744493
59147
469057
58117
549981
333738
743436
198523
225020
225851
955975
444602
717643
725618
145779
928143
85897
287889
716981
78986
409153
817077
95005
318607
834035
837136
990863
389801
697057
735870
400475
157988
765355
265942
961031
868582
514216
974297
644284
890860
65205
176291
753199
618217
281569
370053
541869
744798
353672
593041
387731
770220
773488
715306
324803
765634
75824
862912
740671
860961
144026
356747
278377
625290
557334
784920
921024
112444
393396
10730
662112
565196
778801
679655
521745
436980
21363
86288
234707
709058
850957
28618
892562
505469
719561
114063
587763
208496
775061
993825
501958
222109
163215
572360
411607
787393
64861
101055
610746
284456
544286
304160
144367
460271
675128
393148
748415
431730
993704
60509
734737
90399
393264
525820
32906
595520
734784
129507
768340
184469
759670
198305
672437
324572
978745
549935
608547
170480
103868
361222
519894
930996
585932
974682
199469
908679
99471
268711
295694
737852
751440
872977
99069
449818
683713
138794
414811
811010
192199
667032
541379
934562
274803
727458
169560
339037
364810
261279
453355
687155
493921
756690
241705
211027
586124
110320
20743
269593
298376
332661
643488
503027
589701
242853
973139
53657
219017
327112
590323
767939
401182
973958
918765
253606
980039
897167
219026
163944
878538
674494
728341
19589
111407
40887
314974
605773
164450
63239
426726
351835
6788
975565
803032
278109
972405
199312
722826
402814
521081
614886
528123
55916
498914
261612
972552
663332
70896
33101
277709
636027
353042
625194
76060
313317
717957
891314
183051
780106
928177
260087
798148
870325
961031
208559
425036
668268
16400
74964
645349
378320
546699
512242
531704
893343
100302
221392
991095
664470
262187
928177
419201
980890
235309
833130
104622
496492
989591
62897
35971
176787
953511
921099
208337
543415
451556
700298
998695
172968
943734
755069
223984
426206
50193
579388
218131
780139
534539
485082
370704
867162
302236
460943
992599
865218
103083
320158
671542
336876
350442
323003
248167
989996
308378
236357
47932
246286
654369
326007
891502
839683
226459
327166
30817
200229
185651
14905
521178
132463
636579
773808
508204
954259
242058
145871
178134
287489
39013
740061
842176
831470
749984
133291
934382
412244
942577
95504
42257
364775
268973
360686
901001
768544
544705
149483
599010
333825
518467
815023
887683
678820
576686
168624
951108
572219
152546
804837
856349
307025
316144
643051
864140
52883
154771
342089
708005
982983
273803
622995
772617
676616
904062
584315
520390
370428
913189
462751
640176
590297
499612
941635
300551
178528
455095
772663
368946
947104
821431
535652
698043
976291
89918
339316
966045
152335
327671
779414
922684
971623
405451
221305
277950
91178
853184
789644
178220
999897
662954
379145
273513
370730
581436
234155
337292
697292
409387
746787
281349
282110
115964
87070
733487
312841
254573
447921
779068
706007
704081
264282
204155
326250
503541
988206
980410
863100
906754
247971
678820
800505
238802
597451
449219
242592
812570
303994
47126
159471
299649
65475
637718
296470
374829
468716
297192
806664
225164
285070
422300
188603
571101
892451
282808
614615
852243
666842
961381
32810
55176
858309
610862
772106
456905
388438
826500
466193
753363
29820
983045
349564
178610
235479
995407
577267
599466
687309
6804
968269
463511
908417
222245
639890
554595
129725
224112
973431
579662
728141
279872
8463
234224
41156
44878
124155
199597
942276
515029
147543
269838
151741
782757
641877
970564
23438
264329
479286
36408
126826
140460
162777
7657
240763
500449
21525
991665
98728
320763
672299
492966
223131
211594
569483
941493
925338
426983
974807
665988
331732
862464
998450
176763
617194
131761
967236
987291
374154
142592
412738
214441
43259
527978
731404
171091
770051
589740
278114
488187
355838
900119
899471
315523
421503
943301
573548
366743
125229
339034
949550
171863
175579
506987
823
949344
474322
15548
796691
319717
521258
977765
1983
837532
602552
383406
427169
126635
770087
12016
302478
481245
375848
653808
856467
356104
119091
755379
248300
585075
857148
418062
181480
168427
864994
371759
392929
719061
881808
471735
876509
27215
598398
803347
32410
336568
728822
982684
322857
753840
335420
885235
96815
476130
527823
811012
406472
873399
48457
719551
639210
789991
400563
177081
176762
880201
538901
89333
874521
985610
764806
31931
504500
367631
935776
164617
569916
793564
455530
563552
73324
815260
947604
554575
326664
160326
732256
932248
704824
5209
370345
771535
393579
632642
168158
631983
982547
492303
683734
421499
708941
53805
693086
410701
100627
218344
643657
518524
565758
283107
889581
434
970709
525736
35971
915806
318263
446986
343174
470453
505118
344293
780198
989236
190083
8774
91769
821669
737858
951687
378243
65623
792263
301113
345531
684644
73080
582120
379372
219057
419316
609251
105090
993897
277177
16050
961122
434072
757994
460283
627704
607907
713946
754614
298382
898225
425904
50810
700063
827661
488932
725618
194205
619419
665036
871726
487172
540419
312939
751261
515386
490406
486501
826278
173528
996158
162544
181160
576437
23250
611695
859650
429120
424820
903773
747452
859184
913260
946185
239885
872891
476156
488514
312511
542184
987408
852536
38685
333501
96196
472262
330043
832205
314582
885285
792517
545733
127024
626726
888757
714016
851656
963777
965263
355595
958346
608759
952382
714406
700902
575342
965673
480968
596202
491920
862275
643600
538128
89649
79273
363764
75184
159924
373966
414034
360134
636679
118398
608005
947902
650342
418880
767673
275487
147177
904545
137062
206146
195977
563717
64508
904747
882993
169611
943699
266277
443435
815077
490280
641779
6653
34534
679931
72715
451081
840681
278496
803861
901843
940376
144864
444069
229681
191678
251316
261673
696296
165468
178450
113358
88240
65155
987684
416003
901758
748828
600815
25305
989166
429374
140036
504069
430727
126585
520687
961990
661048
334814
639029
480968
649767
433812
833447
361345
78601
547909
298183
601636
5646
756573
408031
54881
652087
480502
405920
178054
229445
250462
445204
700297
943655
235670
635801
215427
759194
906189
22523
845170
736796
622422
192672
629538
515139
509713
158814
951346
214046
635965
684445
697327
208984
121159
158041
263863
203157
703005
516654
423878
56667
170325
801770
601171
444609
674837
286413
52015
810042
238725
927266
601113
945366
241161
902564
990452
136875
571268
208554
677997
719469
940692
749734
580606
960038
567649
418349
389888
933956
633711
570833
230781
947006
988181
510649
111240
473865
648762
298554
872784
649648
139223
696616
945715
242349
751741
239998
352451
784097
734813
319598
289628
635494
720763
587033
358520
884456
760260
958288
97137
505203
703223
922355
883388
74955
200513
628392
882591
498565
659989
523536
397533
347865
3812
960471
886969
151289
189514
620871
11387
31022
344382
77114
606155
63751
578466
161738
683257
567867
317061
849217
637001
384384
957180
675875
571631
709266
852647
183518
293139
889613
751404
805484
5183
724803
890230
658826
140969
81477
220109
721631
642679
535041
639875
328119
283501
656179
998173
912060
194236
203286
62563
899676
128438
582793
413995
139699
888941
869191
612370
903861
447278
242870
792517
172445
957189
463298
537778
526935
261628
749313
735532
276128
583746
272966
845223
211016
485370
680598
678226
963933
822557
281591
832150
674222
951402
803365
125382
506015
479212
920222
492018
322279
916057
206341
493480
602773
731389
538346
652210
344500
967422
107056
27202
796335
365810
810042
707630
846523
157556
66324
206477
123054
892261
561015
915376
185136
767611
13610
719489
544541
112519
971517
677019
105323
514487
420675
230752
478816
982059
570834
89379
645430
742089
237125
685843
267982
751213
941597
436822
277073
549306
652663
795780
246588
94964
615165
923157
200466
70062
204936
112645
350031
86466
734598
566680
94049
425013
768814
10683
372629
927338
855772
344427
968431
867921
333839
245085
843038
175384
860888
755137
910654
483613
261677
366727
979472
661521
725286
148343
609264
330492
194765
686832
239298
249183
991086
180695
78953
489727
323503
464795
902221
144253
861767
379012
475834
522471
283889
729376
945660
295423
112134
394822
921349
465553
904666
674343
13782
805991
500702
756338
599850
104213
957290
933800
302215
993927
68296
273803
206845
712288
605963
749408
868951
749420
162832
748082
556373
648633
485470
522115
670733
216611
74937
264575
125138
312885
312447
255432
177777
54892
238270
285210
487871
947566
930996
194229
949543
66296
97015
280945
613116
691717
64323
746050
297349
456683
79721
687510
131827
970385
750411
163414
511384
659504
191297
873744
726643
755142
687296
809576
147635
607432
833300
585959
400077
218946
924893
894646
550205
771726
228348
859994
245641
382356
199945
971638
918539
457320
799051
290761
639896
37496
146141
203934
120362
982660
280148
319569
107636
248829
249599
138505
461590
389583
859077
230837
787104
48390
572716
980150
532306
119374
269705
635845
199098
422514
751952
894872
869481
57404
14546
661922
61779
106880
531617
611176
140143
428995
454566
596056
228138
960314
89407
952644
773307
750418
542832
175705
498515
480082
830879
849301
722204
812887
125471
328899
359256
664448
256835
923688
614192
376086
195628
689976
864209
971731
288608
259207
590332
734280
316634
456160
938416
815714
560889
442806
948663
400608
96489
440334
40541
982869
278320
998782
207541
201702
687165
146791
769963
535045
895362
694018
971268
931710
768743
614004
41715
632394
618891
583335
741549
962475
748293
767250
475497
688543
540037
146659
810455
124285
873554
511910
953885
796355
650577
862776
800235
845562
115370
823457
586895
606881
498805
652316
930307
441318
779835
412656
631826
870113
357482
32637
273798
120804
1091
963215
582572
44541
348670
64077
239663
159938
190967
346976
521175
647377
66875
389583
384518
881989
738270
643890
969983
566363
395005
100644
855143
201846
913645
2383
118016
561539
748044
714929
739090
616360
248984
843674
65463
894354
747235
518356
338092
63070
290013
670562
823087
801399
186646
122099
287435
809676
631233
852755
411438
704443
44959
359423
79847
64701
82916
744724
694021
843333
720352
396295
327434
115751
516394
111114
389458
879236
153046
1035
670514
128380
388237
565365
436532
78682
51201
795258
353244
87178
361494
920201
836728
12166
334821
981397
28945
373350
757116
139790
60081
712473
135640
753242
411600
980575
761609
80234
288231
479432
407864
9046
864449
341157
591281
808179
42835
10251
27255
245450
828458
942934
431942
905925
774586
382909
433241
883005
116437
738242
850666
707184
695919
972805
610776
605008
33431
283844
649521
926489
121839
181920
264220
623875
502352
691843
238065
129703
257497
776583
370717
585158
249578
318336
769019
685644
920881
365867
879327
999169
153815
578678
568348
895471
299613
472683
577855
5687
513106
599533
698748
343152
496210
720060
41858
362658
652878
268660
574748
655837
374946
713946
803229
346750
119166
814975
612884
909535
833791
937557
353592
978915
837754
389665
317454
32126
519262
830230
368827
113484
447140
927852
596205
244748
404733
229226
595363
91307
282289
953380
666992
24108
78572
454640
249415
317742
517536
806701
168411
418228
137135
479604
504205
201454
815425
380985
279629
69103
786241
15049
763672
74812
275232
742368
233105
255235
79100
706921
698896
170904
858351
374245
509015
53832
601412
207026
130158
993867
990594
549294
514758
703517
339116
222590
360639
115258
255625
43035
36935
971225
7756
766504
21636
847493
696297
556041
800689
998630
644385
407489
676428
734826
95123
956286
798269
29054
745311
175722
591756
149826
281728
188801
50288
970510
580438
573678
48576
300076
248783
784097
841719
258781
582079
707200
852869
63636
326048
362862
321051
79744
150351
779326
864533
305604
973052
327398
597012
675632
933122
849033
271776
40583
962959
524944
861899
942276
453966
903827
774505
62354
299112
913420
771407
81644
13295
454409
947473
425852
826412
345957
336545
461766
257711
136898
631161
644466
257337
969289
573736
66105
433097
767937
129695
561219
868012
193314
874531
846721
866640
733510
195628
991236
244139
570264
301268
602419
48080
298907
31981
682353
480993
902140
889094
465420
917861
908403
19475
298039
509170
956712
988112
473932
799493
702871
176490
63525
90595
261337
60617
255021
888961
861785
130077
209849
685328
654556
82916
660480
104553
58124
29397
764834
555456
887010
180274
984421
202333
641396
574289
734970
746986
965339
959363
970672
486024
489159
324318
175819
454478
712158
706506
894649
246890
246458
819695
245141
864124
200009
200032
449366
175829
380160
622440
203804
459462
330564
120056
721122
724979
657578
417206
872733
993144
215251
1388
794997
805520
880934
286091
580718
372780
805826
981500
162632
386604
891886
68048
421679
44851
492903
170605
383052
617785
19681
212887
547438
565702
706359
744070
859848
211022
356670
407243
337167
212128
463558
297663
496913
933797
666431
519203
639592
537441
904567
299870
334357
98026
712021
159183
431928
413938
599352
193675
998207
858545
691286
240185
234020
816122
247970
58155
423430
729032
433710
574900
184492
919244
28312
159931
227451
211262
758682
779376
376877
308113
988625
252782
561166
286467
816623
713912
489974
968521
557235
256829
446570
798037
776429
808551
766514
986488
96000
395366
48442
12371
663940
798628
575456
176995
752837
295423
534810
392220
277488
578921
733672
11150
706075
431398
637875
717976
508496
743894
393889
298533
22450
560186
57870
99211
164054
194251
455588
887489
401216
222773
676615
131922
45318
221053
830849
449077
248343
478257
688916
242925
68416
415120
683574
580397
294866
369607
23683
943241
25561
275611
374271
993945
720986
831169
804335
364779
243784
120494
478654
754712
436509
529428
988205
871080
942054
480837
491747
844832
272662
355359
8856
531492
873456
148606
180392
153494
319673
122996
552641
654813
457664
570912
768373
903209
484955
331953
100302
427550
883626
943799
162587
740578
939482
75813
114762
207664
225162
606222
982891
914851
751591
933568
573486
374072
311776
605528
159568
252375
935508
708748
124009
540016
281661
864464
956797
619967
511584
99582
719954
54468
376730
170823
24395
853238
993216
552541
864956
73681
831593
633231
675534
738861
781191
727413
385853
100631
840962
159462
933800
454887
303017
556715
557557
792261
756571
271761
276884
836549
663234
128207
793246
874050
664276
516713
887914
478689
505057
161915
557031
193008
634278
854057
742894
673150
160954
552966
29444
175532
434425
91584
187604
461159
574458
390251
468786
648007
177543
687623
686681
859002
553484
404681
898033
192866
424014
257006
823648
476904
577359
811679
105658
808333
456416
806716
639210
626223
334357
66946
815716
39993
439005
805817
129155
712906
13785
25571
382710
370791
380795
230874
393068
39646
431217
720846
726392
193476
82873
478470
379303
927013
786077
821013
189092
683097
538970
844392
511811
899846
414088
643264
949617
94084
400016
220066
613655
990991
755175
924921
410413
804200
34367
582045
238721
705976
969252
793947
493006
653776
859994
281722
157825
707751
399060
449589
666638
72179
948570
872882
502277
341164
711607
439338
539450
85783
670973
130158
779643
390049
372779
987530
526228
349350
557380
570891
672906
96153
144117
422453
349470
808411
855264
177690
80317
263156
399674
122047
120280
77168
226883
284495
166327
755069
361975
670147
173387
285844
914807
933568
153809
541254
819650
198423
73493
313555
441849
924921
514232
972778
990587
461377
782846
559897
911410
771821
162856
64895
111701
571186
106673
335975
62789
897737
64538
243952
439166
458366
460693
56036
368653
527722
700882
286284
790525
470532
626197
364641
98562
582572
241648
196667
199033
909390
811826
561759
607524
616654
985478
379599
486937
974158
813063
26399
185695
121142
680733
15744
43790
699044
380377
647012
240726
103018
935692
104365
371433
778523
680802
111193
691893
756571
977259
671826
838761
322747
825441
759559
374289
331879
739325
824642
687484
674948
111889
149998
359180
453048
829793
349998
489974
944544
469823
475179
236518
415254
459614
312991
662857
900189
103113
598671
868654
9344
497001
534491
738883
71410
423157
253243
591582
937738
410413
104904
138330
810461
954981
312472
163088
421434
125082
884065
176810
578542
219057
519375
298820
726890
628491
509597
608955
550248
141208
567537
717429
616752
738086
334490
94586
396267
697671
114478
706466
788223
813415
675113
193242
995264
66591
624351
234212
308840
224712
73056
17325
785371
845024
278872
502797
39973
967350
621546
712471
175485
542798
89021
974695
872884
457672
159746
224658
880621
461159
561000
495408
844453
520139
105960
172721
744559
193448
402916
394532
240918
961339
802977
523790
133476
760301
113756
798137
968892
199085
40777
872261
893085
44243
833099
932556
775613
812667
362675
860651
396260
328820
20401
222184
496755
448835
276910
233767
752847
942824
214068
145101
317339
499838
688101
574213
116932
899022
38656
888032
14208
381154
317858
414751
496522
302236
756055
540586
362095
99379
64263
930695
717889
95276
792478
768077
46077
150290
398355
863076
728754
11848
632820
133716
983479
306787
209526
510132
683824
747297
678887
684735
556880
997499
849633
527916
749846
733093
246950
686495
93128
243292
213662
727903
828197
399479
761874
98693
629907
433948
648226
20091
645223
212026
947113
477729
429204
877788
326934
566339
265080
127905
923408
825383
402488
765782
684786
652537
83495
995976
857912
286413
522671
395619
277211
386236
466624
241761
900376
235217
786853
923369
708791
67359
244682
16168
917674
387932
219279
766709
727192
38671
897486
519508
232111
878911
738883
913649
119410
431449
811248
322125
942909
101236
441320
273912
938997
404849
904538
358065
891938
781032
474672
540389
959269
446203
402368
491398
486530
632570
818428
344627
885532
517882
402062
953239
111021
63504
27771
483886
429018
827808
307377
533814
904345
864022
589976
865841
324031
881455
83271
673258
111732
794507
947091
204378
740388
14296
700670
350414
782078
236299
119347
833966
535167
720954
715975
119487
323680
588148
624964
982294
490074
475732
519474
269092
647234
325052
781000
832205
458795
477296
126343
271191
724116
896120
45669
599562
568093
63133
115458
404249
528211
977151
24899
777336
984059
733040
923009
572378
562094
520147
73629
633954
143262
962403
849148
136786
287951
855778
443035
427569
866523
434425
890324
860597
134072
672256
485443
565687
756279
312980
127137
802391
849168
635845
597582
453785
506272
289618
963549
436508
988112
714698
210697
892702
988181
401877
724461
591438
334498
159064
500598
391936
482575
201790
293092
461718
987949
848447
860322
753479
387655
580279
441604
33577
850296
385437
544659
460226
466770
630290
571153
431675
523253
748943
478303
129027
512490
453016
203992
504181
795867
117571
993704
831569
419301
166489
786870
553211
459809
801603
711606
379401
969950
928725
50697
514338
896014
259052
463313
529768
760951
944920
670237
439745
544675
823997
250555
916775
288991
631810
21426
129685
300637
519336
365382
690242
909874
344847
197767
470996
726781
761559
216815
833519
937062
428337
642320
301919
586492
557210
141707
986974
536193
853184
857148
483822
512485
49281
969415
354929
989533
916283
14424
981358
557865
401725
973976
689701
300095
531804
676217
428086
517683
296244
280792
939228
273912
352969
849369
806038
663736
662828
284256
940666
7473
410882
551880
789849
606577
414963
32332
697613
313582
705844
120552
992347
171045
783493
39277
551292
730674
559495
829778
450611
748776
384384
955796
147530
689069
565246
753062
683613
842104
223825
630310
98271
484243
428453
321777
425126
40078
313525
497164
257644
38167
640585
641824
449137
757609
809193
424072
69639
246810
704546
576119
315824
489880
956563
675777
612670
938991
243561
881246
808610
347890
275
969584
30088
401302
891215
829361
259981
127913
633145
982983
393210
118250
263259
419604
324530
673128
114567
885930
362150
240683
83271
664745
448835
234007
950661
480767
807327
686326
245085
410882
249260
399508
131593
756008
294784
415319
318506
873804
509216
211594
332326
201447
395363
364194
278480
960507
833600
500253
247094
102210
971628
893656
722642
930253
223167
20965
282135
278136
579549
776440
827384
969950
588905
2290
25617
184112
918336
884507
115798
730853
63211
898574
448363
710398
856016
543457
659348
736651
379831
36022
391561
606212
367322
288082
601684
129732
786698
555545
923392
778150
636176
178834
743723
57288
130077
977622
757262
741355
298985
665822
348522
326711
850391
587555
697404
310544
610770
512534
754628
919809
604025
54657
684324
626726
418189
996015
11633
454832
890107
511065
395648
631091
407479
970203
527138
921099
953830
493856
801874
159471
449047
124631
307406
961438
539468
187637
962446
413717
261576
921713
797377
818434
548323
725463
525053
950847
631032
743968
811338
583746
315154
765545
403411
144232
556829
405505
258818
654425
851344
687791
993477
985950
250187
407631
935973
523347
554704
545076
698104
355199
949430
490363
408271
74725
994482
53963
596052
511998
512128
281158
722152
159008
843720
21103
349878
682384
877339
952710
487145
63258
815848
232549
973132
78293
828823
860058
583252
508365
769073
936273
250450
311869
80632
558488
413326
406205
256386
147724
35742
887343
56922
918664
578959
559630
900841
151289
421759
946107
919100
350428
48836
121178
325241
40524
55045
903251
431237
475646
348864
948289
69142
479236
393431
692614
708555
144117
582307
815627
719414
829778
326896
59973
365108
646132
174587
747088
405976
627935
82166
401614
490550
430140
664521
468560
22427
85569
174603
805088
741307
447140
368984
896435
523705
744770
840005
786038
836860
821516
381271
992143
647740
189487
857724
135265
559030
312807
748325
183023
848202
830401
988238
787057
658150
274182
611818
199340
556401
621028
188635
283319
582809
204165
836277
263845
551606
349123
566478
624656
340428
746407
124745
735162
566169
702394
849905
992125
589683
503323
675964
847072
488772
736111
969357
856349
327310
357660
569935
369930
640744
371266
635408
113933
289802
268378
987178
398767
563029
695263
32806
635241
425711
996586
285135
97554
779351
499194
883585
444896
296112
564556
739429
269788
192902
325165
180772
746945
70808
326896
124542
248683
793154
137083
683359
832790
319673
14994
158979
402916
147326
256023
588177
198663
469572
501768
131332
130401
714181
458891
403358
801845
425344
166264
241161
56667
455475
334509
455245
880767
219218
302233
110530
454243
312939
287256
541583
942643
502664
4146
522403
126465
510132
335513
439849
594805
622803
87917
586535
365395
511576
874384
748413
931818
389679
118710
836322
783888
348232
945680
879177
673301
863059
821688
515560
926609
225362
593398
321283
568763
863120
821387
20583
282886
621988
148104
900207
907203
381559
799526
735677
193314
299756
512966
473456
778072
309982
179199
538893
475001
548260
120702
770053
224949
42233
688130
294805
4349
858107
538205
327398
432943
28440
999015
976186
416406
821496
888689
230409
841935
193253
559219
105985
982233
444946
449652
398767
612446
796525
867590
613481
301029
333113
198191
682174
495318
622564
108220
125838
675632
478835
595411
774633
954537
858725
745614
609338
115342
788048
150977
224919
932140
435257
1884
919707
264282
111325
498240
146445
766251
572496
975921
960382
88865
252892
412560
411280
534657
988753
73972
440950
71316
655330
680819
822853
907704
591667
152753
899996
725538
244507
232024
997549
601629
843502
199940
822223
365936
306041
873638
329571
770961
691353
622698
858201
75668
688051
2912
884950
806626
237201
229925
34803
660461
853473
5339
789750
708751
359762
912654
12659
264546
867331
424126
949211
73718
143154
247613
201043
732582
548621
691814
29765
728069
60019
744507
194690
816405
291590
744104
316144
240431
757829
755647
119048
257495
702752
322857
965208
992797
595418
374363
98576
767559
946519
568938
315653
749825
762251
640873
918565
188619
290757
764434
370126
940506
363192
81668
167113
344042
220028
301320
220615
646756
388819
669130
34071
170826
252576
70833
984407
564094
739786
403567
236357
395446
881346
642559
378191
515935
102700
198017
292354
688939
995237
857088
669910
860810
819681
743894
265942
500515
531898
739782
271699
523217
535697
63631
39857
787043
593760
633661
473765
892078
872705
13247
370739
649952
102408
968491
321923
604455
836787
631286
156776
157581
492776
521082
909128
133402
46437
428865
168923
971623
316914
394416
84873
475240
494563
186901
833519
817112
521691
381831
133276
405717
305948
277188
723655
437435
401333
930170
464652
608683
639350
924041
677270
824573
755586
960187
497829
263141
721398
646860
130370
422036
545375
923609
941315
48667
420336
165960
996614
272413
316914
998985
411685
343397
632853
782424
659231
814348
410627
588763
986995
376579
772863
628671
597582
111766
432548
866717
742819
467235
648282
34657
500434
742038
824279
808012
790915
241475
902365
914739
913614
499382
566730
975455
961339
289013
268002
181757
358358
718431
620987
577665
895406
297414
520695
543651
855934
97820
893458
892058
117634
473729
733820
652032
594821
617682
311273
861915
87025
183279
404159
941303
357436
428229
255956
633074
2563
918772
901955
697888
988388
481086
435165
491734
769400
300634
69519
705844
716446
467692
735075
266376
98938
84726
72685
340966
698220
168157
886478
535266
923009
775214
572219
59261
105433
448611
988625
133040
682277
312912
302892
447936
265410
825314
851802
424915
904274
950577
459797
924599
75972
337787
73116
584579
245014
953910
304757
780704
979557
611738
680172
318705
553984
880939
758419
732649
550203
271805
674187
381467
169529
41134
46753
36461
510019
991360
931062
444588
187635
65027
785317
633294
16194
828886
375640
685294
630290
18159
785912
705620
233988
630378
54122
908417
991931
410623
670933
27892
796393
620709
103885
86569
313363
859492
89030
370303
104432
360141
707265
477404
599267
121663
89435
324731
552846
407721
318996
851214
791796
48915
869178
268378
811273
241528
337984
417945
246733
505354
374896
783948
48798
926082
785789
844186
182207
894072
31840
234009
135260
62090
788641
375937
741831
153384
979837
462690
693727
798370
560206
866640
198568
165682
901469
138541
11618
475501
655567
958906
866064
387517
173819
737302
784507
524491
946137
74932
959601
982784
998957
225964
337153
859358
247101
852386
312103
245488
74038
560115
283446
402970
214971
655983
181757
241378
105443
815201
965464
919653
675379
845439
144237
254108
361010
218199
645163
644564
965355
395619
854219
15774
153240
461294
985880
970293
997536
853213
123311
100826
5842
628340
508591
313555
332908
342548
452190
469560
77780
527775
129996
327748
3764
792603
68380
613760
942975
4228
248407
620537
275645
142024
36908
288200
21396
410740
171030
558641
336212
476142
422027
230366
275516
519277
783677
12885
39734
487668
783046
876368
816287
800024
663855
684256
437457
343320
910082
9214
46053
894553
775028
783854
811442
64990
108726
877986
593286
178219
881495
264324
882426
532507
774764
629382
538449
442587
36278
280529
267584
859070
702398
839876
947836
321821
451190
619503
280491
66887
602092
210008
974854
771996
291991
148104
455246
531688
532432
840179
320799
941623
459175
943772
416853
39734
299835
103600
487441
1281
937087
536319
174763
597271
790451
321953
456207
307368
384443
261390
882987
93837
811119
196282
932002
160233
703629
530090
433178
103574
805510
179471
786072
644593
448609
245163
472446
627331
538614
283076
550431
179216
590202
579180
52797
95922
226030
219685
105100
569597
588763
640194
517175
509534
111199
421564
849248
96075
576600
509279
704455
481688
829433
582257
754425
411022
816056
392929
471387
217054
454510
952644
639822
579457
944216
99230
769134
747165
508525
71107
557866
279400
182258
672073
586802
243169
127753
241483
306777
440281
877824
508075
79444
267628
887927
931654
199312
952011
455213
154391
935856
520203
227818
173489
596860
5967
363929
139894
906855
218781
54181
684406
620987
648042
102646
313866
926383
291770
596683
608728
938714
937827
334526
817177
255879
379383
843030
337292
723404
324479
200605
452065
457890
223578
59542
452187
951609
142860
726185
504632
102320
752706
775770
879522
714385
336413
166189
340338
85237
29376
580640
908728
851975
724658
999888
810168
245190
363532
191195
218607
597434
55152
995744
875392
489308
94810
646882
681791
107691
454634
365538
246031
863666
918804
696570
885597
177758
185296
357468
754628
494965
549189
260167
568922
984714
484333
79847
445506
726364
214994
862937
125980
170465
79372
761505
209818
714334
798137
978539
829323
295921
866624
776612
390844
128148
985665
743420
761778
437711
73241
382428
898387
234656
291394
4655
404692
648318
641685
627908
659504
748747
790828
525703
583227
372998
320959
805379
686897
255964
361023
168928
993635
840066
22026
118944
826
445806
774009
299398
594120
510170
365936
809028
914271
730898
792883
335244
583112
268851
117149
212723
556335
189226
308866
478470
924955
629510
286219
963299
233988
70201
758474
863573
910419
433580
457559
464019
125520
134027
871929
834622
761450
13058
767554
585488
922801
391541
994721
464499
812628
401818
349380
632568
202262
982498
693303
952656
527003
868243
994455
352090
565034
453147
2406
950743
740959
281051
47381
112510
295081
962313
180816
368143
363880
742272
64819
759306
822533
893656
354668
14533
215126
601627
427182
858666
950193
265266
743679
778893
647986
720307
34261
236570
106493
815490
778671
254725
218925
17405
304422
176441
495876
410805
55675
391558
415118
325986
785183
103646
99876
455160
375292
80580
370631
961237
348331
394880
502560
966261
336313
547710
610697
726243
778299
582217
51605
905911
157293
335375
506428
124155
42195
830489
241609
767218
11752
285917
468116
437957
486977
332545
126972
757747
487117
882716
950304
56063
648235
408697
486781
727760
236467
565017
330396
755314
269611
979847
763266
230791
666821
907862
248548
929511
152169
598113
440831
298601
461576
662188
240946
11032
347662
874666
697641
918789
56982
234380
739644
771712
169367
596917
984536
990050
83416
236304
337153
500318
245510
884025
387493
969637
644246
406539
1516
849145
744559
550281
899162
20766
626805
235867
395502
282672
545895
94102
872258
87959
652915
756035
128356
817534
644856
269701
441303
23089
336815
363880
146932
745495
616249
4458
643677
12583
747235
6475
615207
188953
862265
457197
224607
417801
252573
126386
858238
811324
125649
156167
239827
261946
738852
561987
415962
488070
890802
87116
804725
880988
967844
557136
265941
588094
808190
623330
541987
363340
96384
789916
676048
338917
949430
816161
806626
633407
819903
119626
298907
328251
408720
21712
863372
842744
483546
500682
15283
824548
379309
541700
12060
235985
630795
951147
292103
158524
203249
478724
840727
80181
467172
585959
923806
42661
963439
772677
863593
462230
821669
906993
201791
830828
55275
131253
512164
878273
391060
238102
992986
447162
82050
329187
151697
107059
787074
86831
623920
332153
137873
427113
286269
447936
879803
909902
675464
957202
718482
508392
304015
855679
382335
679838
99253
516270
524061
411197
776693
295492
701369
849539
422836
194272
406032
38077
525952
815379
263568
914243
861227
757393
364754
920527
565957
320340
348892
611667
838470
56361
591591
887792
730290
931546
953930
650754
119787
122312
767783
628216
666928
297958
820206
835723
675855
729750
460103
229226
61742
808751
117462
137953
184730
611539
529771
475307
52960
367256
353901
380870
468079
680819
406548
233595
813821
433480
927089
108598
541896
374721
112371
839031
143568
721122
308111
53101
526176
401613
383249
359690
11252
375213
558189
380143
641033
603638
306259
635119
109831
390576
972532
618091
771793
963976
437413
604603
507903
683647
757432
866850
701542
919186
2151
220510
182857
450722
850737
196667
517643
171245
74560
736719
693001
729113
640081
517713
867959
100761
203111
763203
327267
117067
423087
573667
899996
770195
859699
456756
436724
526767
98202
877003
189430
15855
735376
78617
969325
259741
450647
942170
93773
134865
988625
991921
54033
935932
580553
555951
91217
265633
979234
421636
426918
295904
919321
262011
742642
597610
950514
474778
365671
905986
10483
427970
861472
537219
683365
175892
222245
109713
532691
653497
45209
940270
657428
994948
61201
497439
557856
521654
317953
947770
516081
208716
169530
843502
955740
941715
882367
76060
841361
193954
774441
183741
371419
380025
477669
381699
892822
196632
177101
853355
621554
636297
970975
280008
468279
81967
152288
355344
599616
524770
368565
240570
910096
693757
875289
891136
225049
611818
231425
157934
454879
434738
559104
941299
568071
482146
884707
456160
458794
277951
784334
258239
613072
309957
645737
418211
530053
20172
247909
269042
792478
875815
295831
939045
226320
969395
771418
624104
153994
207198
564694
718126
145052
393074
250067
152866
48273
539721
398997
41840
289000
847716
741553
284187
265656
491426
604959
550828
959819
557988
419875
42089
989489
144489
182773
312557
861453
819654
676585
244830
152571
699671
674525
597538
132212
868851
108260
595373
149719
760403
162753
489346
321088
881227
562240
597260
754350
749466
593764
336313
989453
698876
41439
100464
114971
769532
72794
661955
404076
4395
659597
912955
825331
449193
478474
832579
891455
592795
478960
111974
914173
753987
461590
826180
359305
241106
251316
683033
899770
533447
205226
161878
684015
496431
198923
23350
758669
867209
895686
565911
604283
652032
444662
362972
201801
618894
940996
623358
457896
678814
224735
140970
806871
622693
422744
491299
672109
414034
935237
971720
373282
829815
208894
463835
963626
850611
614643
886765
114997
139370
308866
201989
102522
781764
422175
603784
528841
799016
681011
31159
285704
532233
875335
932248
165657
911130
353553
470388
806279
189273
508142
428954
941234
544404
454127
125094
988928
972099
297845
92729
955049
660558
696498
430245
235479
662582
182258
153742
682568
722668
949497
581079
548961
376772
604715
362090
451924
764726
813476
796393
198688
356631
246057
666339
419998
326509
486788
796657
933582
811432
469719
910501
644332
581494
562993
308234
778636
841406
747482
261846
807030
2661
864703
804296
394334
365004
533568
729601
729666
578148
369408
86431
676917
562094
969041
212997
396158
505354
943162
507239
304549
95493
708831
64312
692227
167906
71171
353171
564556
468497
682298
53199
742359
861599
443183
465323
48538
869045
899595
126392
705019
367523
975218
521478
556056
759559
826363
956563
169563
117679
257227
558640
398739
846326
179970
282703
61237
155592
182103
778150
935486
877948
850701
208405
278797
716827
260622
357884
450529
753840
810070
192540
258527
152080
284350
777799
715655
592175
371088
174603
508295
684803
24366
390710
850828
729004
868319
632129
914909
198665
993596
234342
868223
301819
150942
824525
584801
594731
986488
841930
637915
980086
323900
137808
864388
887016
180185
452798
197959
946004
708487
731009
33535
543792
929171
87743
31534
792268
558840
191787
552460
273501
609273
544238
380929
256888
711891
699118
391803
942935
460774
98072
224865
671269
699069
360234
841269
853019
976001
265381
492971
149635
282299
69285
132346
684922
898984
671507
68128
812277
61707
423144
1660
651964
564470
585212
756927
516250
490374
791039
881437
312057
704455
660761
27867
878655
881823
907055
929198
53750
718030
173803
766235
283135
450530
666455
892005
304575
954564
401375
14802
330229
831063
694041
143159
808333
112730
72781
981330
132831
321475
87104
788420
401533
858487
362581
340086
204088
97264
341390
337066
61122
890310
111616
970650
508439
81352
25594
194469
308289
355592
75686
512850
194218
834727
277166
363931
384370
853072
771683
951054
440810
24182
697448
335826
16334
37942
819815
11392
978150
555951
825753
416340
493693
649013
533900
500019
962416
556735
639405
665694
146614
48028
546274
691237
758419
215089
880984
154936
722829
762712
434423
186766
895859
256056
322388
914910
375863
739977
846179
837113
448700
21641
5221
793572
268389
205387
177922
110028
459809
938362
705836
233094
622885
226081
471530
11525
843687
755967
941556
662731
26292
699795
98540
601425
882234
360569
860821
703629
767106
419263
94511
350506
342233
539092
676973
261099
442762
57312
875775
202594
293092
352130
470532
795428
249600
94080
919419
560605
98129
215788
933104
269129
755307
349045
158999
302233
375252
570786
588738
32432
287386
172632
385549
233955
531112
158870
893761
80230
52797
315308
61193
606325
364750
770641
550594
227714
399263
844281
906180
17790
576771
25980
577998
324583
117582
473626
621843
359305
946559
470430
537117
554431
121834
980859
703821
878273
966290
336136
60788
924882
975732
964432
12370
876127
357325
538709
486228
777769
48543
486530
384492
73924
131827
334425
247736
384860
555429
43719
830672
541346
13033
677462
576316
525514
188464
806606
329432
278180
395100
7365
137142
902006
607945
891830
167104
643567
86178
972890
692501
882726
484027
919207
217612
286894
25720
542915
20678
557986
266966
770395
875732
823410
138924
255186
910583
540077
377213
764766
454562
723858
191192
921663
380149
577649
460034
429551
510338
798834
946528
883656
437637
535573
649817
918900
63009
767360
919376
86549
821088
535606
382711
582401
459616
237029
691021
139638
640272
209513
996738
552343
14336
91352
915344
848064
395052
698830
439597
682090
380847
42819
571813
565222
126736
625527
905281
443644
374300
353181
63751
186041
112551
231098
226931
183238
464443
29820
911930
293197
417206
734145
453815
958678
625237
932642
844453
985462
392582
926156
779518
674553
815577
863492
917736
986183
763416
289391
577250
885629
806007
782000
878462
653830
301708
717236
164617
308039
942419
911045
562040
279074
205596
890420
558640
566874
646845
651943
580804
444323
311743
754760
901694
61193
194148
742374
308896
816832
564899
425662
752373
607207
946525
115469
39470
371140
371562
439696
732099
736786
789222
341641
316891
724404
993535
43957
241475
925912
542362
975077
590297
420544
314856
57082
137040
223352
559687
165882
901528
377615
262187
27066
157825
265689
318805
747658
186865
441594
68369
849069
613925
279707
621515
979204
145521
353360
534426
361261
969252
943358
68824
89892
123113
437096
99715
502797
462026
977351
734093
908791
693183
480082
974623
523131
860895
115473
214068
112213
601425
588112
744304
135378
301581
526870
561999
962250
275339
31546
995765
210142
218106
988388
92860
783885
454818
409141
642628
355454
637243
914229
881314
336255
902156
769049
19800
892250
260625
825734
681796
755371
258332
585656
4426
382682
130912
579952
634998
770126
171809
50048
845393
45669
525385
247055
27155
524912
999591
695375
922313
871566
139951
452765
393516
466062
249979
326611
580490
709769
849061
880750
127164
373023
987644
104958
924138
966160
239078
442417
399831
656731
456632
28252
963869
251258
449888
470909
18175
160956
832269
207954
148076
783947
697330
433444
500892
805624
268886
127192
365108
806716
854733
394510
227051
784590
437018
733331
244158
84546
461414
619187
653972
243543
459143
630990
984268
985594
520162
444565
855934
222071
694049
717251
698557
83699
791916
196830
592317
336317
868951
219473
648380
869781
864786
973447
985665
719744
848221
521453
855224
271000
363923
616993
658150
994568
923302
573331
537225
604280
265826
697335
139365
425172
457007
564470
169025
988446
641366
434578
948856
342067
79021
374182
488225
592217
201958
287847
850156
300721
930703
813534
678891
958730
878157
350887
215040
508710
95592
494965
386876
513139
797301
159706
992382
820565
745128
929948
274970
506576
208440
700016
67831
679317
7809
496475
919422
581191
879311
762141
704257
255736
152016
868330
575702
184856
913394
648226
618424
893569
689195
4876
539606
922961
490920
962818
971866
996431
433580
546454
398346
623731
759825
932171
733301
523536
405609
390688
610422
278804
18713
806560
106085
16862
391362
387844
483016
575421
517216
398461
635044
842286
403121
933072
764552
819681
331511
802511
336647
917328
643927
583791
645918
879144
160502
42106
79094
157370
368697
830376
502691
366177
587000
861599
2424
44237
914623
206606
826675
18821
337354
445667
931961
734502
522364
633826
149186
455321
907492
219959
885762
144849
978745
55589
870325
495773
132890
280959
570759
952405
738867
522697
932464
922360
308111
426600
817054
250448
152150
763496
990976
628769
895135
258272
914114
281013
490879
168794
714748
535051
425834
238576
375806
911719
738782
655961
105204
662731
698684
744799
641353
504461
362440
614380
26693
144081
276865
338564
34607
820860
226825
226238
810452
157666
10504
337028
886243
836349
739090
591813
535709
371617
540362
720549
228528
633074
837650
781210
999492
729032
761553
412628
630659
752572
583995
755842
160376
797602
769959
211554
763043
901684
678920
227613
687211
782179
470491
91352
865062
410906
629688
61779
841717
295734
791222
892556
533722
219615
865625
146599
218860
946831
898965
368637
982505
913158
433847
256556
93688
222876
354775
197679
403895
681701
819559
872668
160376
693303
649521
328566
596052
982936
792489
255676
182581
78403
34199
316200
422563
435352
645910
463896
86257
302965
170196
122000
525345
694150
34803
440555
284281
621769
197586
898574
90447
111206
212137
771942
86936
916363
232683
619116
705718
167113
449817
105177
578675
73048
853238
528014
742979
513089
413356
446724
509794
213707
557810
841452
915272
508361
175697
773734
79555
800345
64303
19490
454974
114710
247400
676038
623104
206804
263895
400846
922156
501052
385861
590359
402897
115334
295563
149792
350624
263951
941924
833583
89333
210932
752297
556538
919321
934935
390219
409496
469085
666801
793664
554561
71903
405110
305501
904136
389536
556030
514394
590944
922065
486543
852866
872830
72350
580771
707200
534588
41091
411733
463325
996879
690797
369258
790363
934088
922794
417497
175399
747781
346766
966080
670831
51766
982770
322279
674838
650497
318236
457715
818438
827572
586325
76469
105982
894529
380271
876954
366521
215791
694618
439609
947161
641978
838634
279341
47976
126300
274759
229563
763251
453461
394233
843193
97874
307748
452032
777827
780772
150022
29364
932108
350625
955617
672137
665339
944817
9486
546274
842400
394402
578062
792047
228414
979870
250913
615456
496187
214430
419235
240714
921203
635220
751623
150058
204155
409731
154144
258854
877878
429363
885321
265775
205111
874897
120464
226058
519007
103855
568028
518053
351028
804389
13269
82750
404988
966913
468354
691911
684744
625911
144885
72927
227093
748500
683299
708804
388885
456423
571186
930424
130978
816494
154556
986718
797109
852662
735376
306377
572547
47394
983800
475773
659193
762370
475803
294581
336701
919374
349315
895640
121438
454157
700292
106518
8134
21104
888623
163383
618491
209047
605571
724184
985231
192820
531830
227948
511964
234141
890347
730715
504202
813570
882622
40290
397378
96099
562540
935438
852767
273041
337643
698265
565686
774551
894144
704962
757273
656797
439910
144063
818174
649767
88872
45340
581899
306751
818086
411129
559321
140205
449101
730988
549576
56137
88651
398426
521019
812361
646672
599198
92616
38153
442955
214496
692506
353672
367193
762684
203367
32362
408062
950588
257495
369051
254260
660352
819410
815344
642972
713261
906493
298909
938849
922729
151491
686313
34985
834106
237313
448147
226946
344084
957338
839355
611176
506244
442629
616390
155705
433909
601046
476710
250425
746438
61921
754597
994495
296971
506339
38422
231312
744587
348815
479641
873010
616845
771466
680931
23619
358956
624817
923121
753138
638437
108598
199014
569031
416338
603948
881199
373975
340493
319126
869202
662372
594279
150648
653886
998354
596683
461925
996030
656709
834762
461502
831730
885861
745527
105224
716545
245345
888581
643855
425590
792440
423695
717121
63418
460572
62855
855314
957894
924324
709282
841003
82948
733060
157445
113898
690132
453903
849442
415056
501456
174738
927415
211622
918702
799170
592150
502177
516243
143607
101483
879448
594482
685614
281612
409654
860177
416436
213952
466874
436514
259166
35517
896871
453892
538000
4876
265410
857624
570437
912039
71213
955652
249001
311361
21489
3775
806323
259314
465767
873679
111967
195092
99123
124199
39699
643423
716176
124480
375459
809072
590508
275471
105989
543549
996867
783048
132749
789746
154100
406309
824488
460065
600613
387062
461744
266927
959887
650719
134625
589976
810129
122096
312090
57979
754022
962729
821542
204155
691664
542860
95922
650926
127137
556507
551167
130590
140264
634382
816173
153562
446027
795288
359315
623591
764195
925533
976256
211346
582907
349322
829702
866817
835665
783880
327626
717824
41640
172968
492802
703705
129539
185275
272966
377999
826435
652132
922348
794013
884583
388078
970900
804542
910668
805053
844554
291480
893911
314734
146157
539883
780985
370111
718744
81967
965754
40187
583137
879039
904567
492332
699901
2640
457197
185644
107558
671198
520961
593710
258342
973643
776820
9938
289279
486014
765305
390372
199276
746020
552283
527804
100562
884943
753166
114326
159490
180957
896490
616835
920167
203554
508146
772917
100040
441849
319683
148596
268116
72185
204015
654163
258616
325075
800003
422993
928581
702085
841434
559588
340613
455513
143768
686540
528282
202321
358466
833101
244920
794783
88762
24527
808300
297996
514729
496927
736348
537319
695162
715753
912472
128299
299203
44205
255658
179274
210118
669566
560277
125351
438039
943348
841787
500520
130028
640426
870325
93773
239088
23739
493448
499859
500779
701952
408904
280835
575580
554284
884757
747342
110746
732085
390125
743792
27208
924324
344692
353924
707784
299098
557236
869178
173398
257291
994150
605392
50564
747239
743800
536470
261588
662203
969950
543486
118944
873413
91309
948014
801293
775501
168601
117928
107556
634659
18100
467792
552072
870635
234458
170885
369041
281117
874475
812854
440760
611032
173783
53205
145708
169647
904238
262537
210801
895695
939615
323148
672040
79635
883965
292088
780139
224732
568702
14905
352347
624880
269125
726964
163510
410904
897056
834433
565867
970404
806867
573719
762144
879349
540826
734684
297845
41427
17302
979879
765023
368693
111538
605944
639522
47830
87104
405486
133436
804309
261577
360948
395044
950655
571267
763161
237892
305213
666323
998801
855577
781869
224879
503604
149623
752061
227350
172196
283107
237797
637276
95852
21067
889575
483215
519488
929951
794493
622635
862275
734310
262332
